1.1009	42.4219
1.11693	43.8359
1.13295	45.25
1.14897	46.6641
1.16499	48.0781
1.18101	49.4922
1.19703	50.9062
1.21305	52.3203
1.22907	53.7344
1.2451	55.1484
1.26112	56.5625
1.27714	57.9766
1.29316	59.3906
1.30918	60.8047
1.3252	62.2188
1.34122	63.6328
1.35725	65.0469
1.37327	66.4609
1.38929	67.875
1.40531	69.2891
1.42133	70.7031
1.43735	72.1172
1.45337	73.5312
1.46939	74.9453
1.48542	76.3594
1.50144	77.7734
1.51746	79.1875
1.53348	80.6016
1.5495	82.0156
1.56552	83.4297
1.58154	84.8438
1.59757	86.2578
1.61359	87.6719
1.62961	89.0859
1.64563	90.5
1.66165	91.9141
1.67767	93.3281
1.69369	94.7422
1.70971	96.1562
1.72574	97.5703
1.74176	98.9844
1.75778	100.398
1.7738	101.812
1.78982	103.227
1.80584	104.641
1.81466	103.227
1.81546	102.297
1.81626	101.832
1.81707	101.366
1.81787	100.901
1.81867	100.437
1.81947	99.9707
1.82027	99.5059
1.82107	99.041
1.82187	98.5752
1.82267	98.1104
1.82347	97.6455
1.82427	97.1797
1.82508	96.7148
1.82588	96.25
1.82668	95.7842
1.82748	95.3193
1.82828	94.8545
1.82908	94.3887
1.82988	93.9238
1.83068	93.459
1.83148	92.9941
1.83229	92.5283
1.83309	92.0635
1.83389	91.5986
1.83469	91.1328
1.83549	90.668
1.83629	90.2031
1.83709	89.7373
1.83789	89.2725
1.83869	88.8076
1.8395	88.3418
1.8403	87.877
1.8411	87.4121
1.8419	86.9463
1.8427	86.4814
1.8435	86.0166
1.8443	85.5508
1.8451	85.0859
1.8459	84.6211
1.8467	82.4453
1.84751	81.0312
1.84831	79.6172
1.84911	78.2031
1.84991	76.7891
1.85071	75.375
1.85151	73.9609
1.85231	72.5469
1.85311	72.1172
1.85391	71.1328
1.87313	72.1172
1.87313	73.5312
1.92707	74.9453
1.98474	76.3594
2.04563	77.7734
2.10811	79.1875
2.17219	80.6016
2.23948	82.0156
2.30998	83.4297
2.38207	84.8438
2.45898	86.2578
2.53748	87.6719
2.62239	89.0859
2.71051	90.5
2.80504	91.9141
2.90597	93.3281
2.95805	91.9141
2.95885	91
2.95965	90.542
2.96045	90.085
2.96125	89.627
2.96205	89.1699
2.96285	88.7119
2.96366	88.2549
2.96446	87.7969
2.96526	87.3398
2.96606	86.8818
2.96686	86.4248
2.96766	85.9668
2.96846	85.5098
2.96926	85.0518
2.97006	84.5947
2.97087	84.1367
2.97167	83.6797
2.97247	83.2227
2.97327	82.7646
2.97407	82.3076
2.97487	81.8496
2.97567	81.3926
2.97647	80.9346
2.97727	80.4775
2.97807	80.0195
2.97888	79.5625
2.97968	79.1045
2.98048	78.6475
2.98128	78.1895
2.98208	77.7324
2.98288	77.2744
2.98368	76.8174
2.98448	76.3594
2.98528	75.9023
2.98609	75.4453
2.98689	74.9873
2.98769	74.5303
2.98849	74.0723
2.98929	73.6152
2.99009	73.1572
2.99089	72.7002
2.99169	72.2422
2.99249	71.7852
2.99329	69.9141
2.9941	68.5
2.9949	67.0859
2.9957	65.6719
2.9965	65.0469
2.9973	64.2578
3.01011	65.0469
3.01011	66.4609
3.10821	67.875
3.21716	69.2891
3.33411	70.7031
3.46388	72.1172
3.60968	73.5312
3.7763	74.9453
3.97336	76.3594
4.22009	77.7734
4.57416	79.1875
7.28818	80.6016
7.56535	82.0156
7.88898	83.4297
8.08444	84.8438
8.25106	86.2578
8.39685	87.6719
8.52663	89.0859
8.64519	90.5
8.75413	91.9141
8.85506	93.3281
8.90714	91.9141
8.90794	91
8.90874	90.542
8.90954	90.085
8.91035	89.627
8.91115	89.1699
8.91195	88.7119
8.91275	88.2549
8.91355	87.7969
8.91435	87.3398
8.91515	86.8818
8.91595	86.4248
8.91675	85.9668
8.91756	85.5098
8.91836	85.0518
8.91916	84.5947
8.91996	84.1367
8.92076	83.6797
8.92156	83.2227
8.92236	82.7646
8.92316	82.3076
8.92396	81.8496
8.92477	81.3926
8.92557	80.9346
8.92637	80.4775
8.92717	80.0195
8.92797	79.5625
8.92877	79.1045
8.92957	78.6475
8.93037	78.1895
8.93117	77.7324
8.93197	77.2744
8.93278	76.8174
8.93358	76.3594
8.93438	75.9023
8.93518	75.4453
8.93598	74.9873
8.93678	74.5303
8.93758	74.0723
8.93838	73.6152
8.93918	73.1572
8.93999	72.7002
8.94079	72.2422
8.94159	71.7852
8.94239	69.5703
8.94319	68.1562
8.94399	66.7422
8.94479	65.3281
8.94559	65.0469
8.94639	63.9141
8.9592	65.0469
8.9592	66.4609
9.01866	67.875
9.08275	69.2891
9.15004	70.7031
9.22053	72.1172
9.29263	73.5312
9.36953	74.9453
9.44804	76.3594
9.53295	77.7734
9.62107	79.1875
9.71559	80.6016
9.81653	82.0156
9.92547	83.4297
10.044	84.8438
10.1738	86.2578
10.3196	87.6719
10.4862	89.0859
10.6817	90.5
10.93	91.9141
11.083	90.5
11.0838	89.5723
11.0846	89.1074
11.0854	88.6436
11.0862	88.1787
11.087	87.7148
11.0878	87.25
11.0886	86.7861
11.0894	86.3213
11.0902	85.8574
11.091	85.3926
11.0918	84.9287
11.0926	84.4639
11.0934	84
11.0942	83.5361
11.095	83.0713
11.0958	82.6074
11.0966	82.1426
11.0974	81.6787
11.0982	81.2139
11.099	80.75
11.0998	80.2852
11.1006	79.8213
11.1014	79.3564
11.1022	78.8926
11.103	78.4277
11.1038	77.9639
11.1047	77.5
11.1055	77.0352
11.1063	76.5713
11.1071	76.1064
11.1079	75.6426
11.1087	75.1777
11.1095	74.7139
11.1103	74.249
11.1111	73.7852
11.1119	73.3203
11.1127	72.8564
11.1135	72.3916
11.1143	71.9277
11.1151	71.4639
11.1159	70.999
11.1167	70.5352
11.1175	70.0703
11.1183	69.6064
11.1191	66.9766
11.1199	65.5625
11.1207	64.1484
11.1215	63.6328
11.1223	62.7344
11.1343	63.6328
11.1343	65.0469
11.2315	66.4609
11.3405	67.875
11.459	69.2891
11.5888	70.7031
11.7346	72.1172
11.9012	73.5312
12.0983	74.9453
12.345	76.3594
12.6975	77.7734
13.6315	79.1875
15.7656	80.6016
16.0123	82.0156
16.2094	83.4297
16.376	84.8438
16.5218	86.2578
16.6515	87.6719
16.7701	89.0859
16.8774	90.5
16.9784	91.9141
17.0729	93.3281
17.1314	91.9141
17.1322	91
17.133	90.542
17.1338	90.085
17.1346	89.627
17.1354	89.1699
17.1362	88.7119
17.137	88.2549
17.1378	87.7969
17.1386	87.3398
17.1394	86.8818
17.1402	86.4248
17.141	85.9668
17.1418	85.5098
17.1426	85.0518
17.1434	84.5947
17.1442	84.1367
17.145	83.6797
17.1458	83.2227
17.1466	82.7646
17.1474	82.3076
17.1482	81.8496
17.149	81.3926
17.1498	80.9346
17.1506	80.4775
17.1514	80.0195
17.1522	79.5625
17.153	79.1045
17.1538	78.6475
17.1546	78.1895
17.1554	77.7324
17.1562	77.2744
17.157	76.8174
17.1578	76.3594
17.1586	75.9023
17.1594	75.4453
17.1602	74.9873
17.161	74.5303
17.1618	74.0723
17.1626	73.6152
17.1634	73.1572
17.1642	72.7002
17.165	72.2422
17.1658	71.7852
17.1666	69.8984
17.1674	68.4844
17.1682	67.0703
17.169	65.6562
17.1698	65.0469
17.1706	64.2422
17.1835	65.0469
17.1835	66.4609
17.2431	67.875
17.3072	69.2891
17.3745	70.7031
17.445	72.1172
17.5171	73.5312
17.5924	74.9453
17.6725	76.3594
17.7574	77.7734
17.8455	79.1875
17.94	80.6016
18.041	82.0156
18.1499	83.4297
18.2685	84.8438
18.3982	86.2578
18.544	87.6719
18.709	89.0859
18.9061	90.5
19.1544	91.9141
19.3074	90.5
19.3082	89.5723
19.3091	89.1074
19.3099	88.6436
19.3107	88.1787
19.3115	87.7148
19.3123	87.25
19.3131	86.7861
19.3139	86.3213
19.3147	85.8574
19.3155	85.3926
19.3163	84.9287
19.3171	84.4639
19.3179	84
19.3187	83.5361
19.3195	83.0713
19.3203	82.6074
19.3211	82.1426
19.3219	81.6787
19.3227	81.2139
19.3235	80.75
19.3243	80.2852
19.3251	79.8213
19.3259	79.3564
19.3267	78.8926
19.3275	78.4277
19.3283	77.9639
19.3291	77.5
19.3299	77.0352
19.3307	76.5713
19.3315	76.1064
19.3323	75.6426
19.3331	75.1777
19.3339	74.7139
19.3347	74.249
19.3355	73.7852
19.3363	73.3203
19.3371	72.8564
19.3379	72.3916
19.3387	71.9277
19.3395	71.4639
19.3403	70.999
19.3411	70.5352
19.3419	70.0703
19.3427	69.6064
19.3435	66.9766
19.3443	65.5625
19.3451	64.1484
19.3459	63.6328
19.3467	62.7344
19.3587	63.6328
19.3587	65.0469
19.3603	66.4609
19.5649	67.875
19.6835	69.2891
19.8132	70.7031
19.959	72.1172
20.1256	73.5312
20.3227	74.9453
20.5694	76.3594
20.9219	77.7734
23.4373	79.1875
23.99	80.6016
24.2367	82.0156
24.4338	83.4297
24.6004	84.8438
24.7462	86.2578
24.876	87.6719
24.9945	89.0859
25.1019	90.5
25.2028	91.9141
25.2973	93.3281
25.3558	91.9141
25.3566	91
25.3574	90.542
25.3582	90.085
25.359	89.627
25.3598	89.1699
25.3606	88.7119
25.3614	88.2549
25.3622	87.7969
25.363	87.3398
25.3638	86.8818
25.3646	86.4248
25.3654	85.9668
25.3662	85.5098
25.367	85.0518
25.3678	84.5947
25.3686	84.1367
25.3694	83.6797
25.3702	83.2227
25.371	82.7646
25.3718	82.3076
25.3726	81.8496
25.3734	81.3926
25.3742	80.9346
25.375	80.4775
25.3758	80.0195
25.3766	79.5625
25.3774	79.1045
25.3782	78.6475
25.379	78.1895
25.3798	77.7324
25.3806	77.2744
25.3814	76.8174
25.3822	76.3594
25.3831	75.9023
25.3839	75.4453
25.3847	74.9873
25.3855	74.5303
25.3863	74.0723
25.3871	73.6152
25.3879	73.1572
25.3887	72.7002
25.3895	72.2422
25.3903	71.7852
25.3911	69.8984
25.3919	68.4844
25.3927	67.0703
25.3935	65.6562
25.3943	65.0469
25.3951	64.2422
25.4079	65.0469
25.4079	66.4609
25.4675	67.875
25.5316	69.2891
25.5989	70.7031
25.6694	72.1172
25.7415	73.5312
25.8168	74.9453
25.8969	76.3594
25.9818	77.7734
26.0699	79.1875
26.1644	80.6016
26.2654	82.0156
26.3743	83.4297
26.4929	84.8438
26.6227	86.2578
26.7684	87.6719
26.9335	89.0859
27.1305	90.5
27.3789	91.9141
27.5319	90.5
27.5327	89.5723
27.5335	89.1074
27.5343	88.6436
27.5351	88.1787
27.5359	87.7148
27.5367	87.25
27.5375	86.7861
27.5383	86.3213
27.5391	85.8574
27.5399	85.3926
27.5407	84.9287
27.5415	84.4639
27.5423	84
27.5431	83.5361
27.5439	83.0713
27.5447	82.6074
27.5455	82.1426
27.5463	81.6787
27.5471	81.2139
27.5479	80.75
27.5487	80.2852
27.5495	79.8213
27.5503	79.3564
27.5511	78.8926
27.5519	78.4277
27.5527	77.9639
27.5535	77.5
27.5543	77.0352
27.5551	76.5713
27.5559	76.1064
27.5567	75.6426
27.5575	75.1777
27.5583	74.7139
27.5591	74.249
27.5599	73.7852
27.5607	73.3203
27.5615	72.8564
27.5623	72.3916
27.5631	71.9277
27.5639	71.4639
27.5647	70.999
27.5655	70.5352
27.5663	70.0703
27.5671	69.6064
27.5679	66.9766
27.5687	65.5625
27.5695	64.1484
27.5703	63.6328
27.5711	62.7344
27.5831	63.6328
27.5831	65.0469
27.6804	66.4609
27.7893	67.875
27.9079	69.2891
28.0376	70.7031
28.1834	72.1172
28.3501	73.5312
28.5471	74.9453
28.7939	76.3594
29.1463	77.7734
29.5965	79.1875
32.2144	80.6016
32.4611	82.0156
32.6582	83.4297
32.8248	84.8438
32.9706	86.2578
33.1004	87.6719
33.219	89.0859
33.3263	90.5
33.4272	91.9141
33.5218	93.3281
33.5802	91.9141
33.581	91
33.5818	90.542
33.5826	90.085
33.5834	89.627
33.5842	89.1699
33.585	88.7119
33.5858	88.2549
33.5866	87.7969
33.5874	87.3398
33.5883	86.8818
33.5891	86.4248
33.5899	85.9668
33.5907	85.5098
33.5915	85.0518
33.5923	84.5947
33.5931	84.1367
33.5939	83.6797
33.5947	83.2227
33.5955	82.7646
33.5963	82.3076
33.5971	81.8496
33.5979	81.3926
33.5987	80.9346
33.5995	80.4775
33.6003	80.0195
33.6011	79.5625
33.6019	79.1045
33.6027	78.6475
33.6035	78.1895
33.6043	77.7324
33.6051	77.2744
33.6059	76.8174
33.6067	76.3594
33.6075	75.9023
33.6083	75.4453
33.6091	74.9873
33.6099	74.5303
33.6107	74.0723
33.6115	73.6152
33.6123	73.1572
33.6131	72.7002
33.6139	72.2422
33.6147	71.7852
33.6155	69.8984
33.6163	68.4844
33.6171	67.0703
33.6179	65.6562
33.6187	65.0469
33.6195	64.2422
33.6323	65.0469
33.6323	66.4609
33.6919	67.875
33.756	69.2891
33.8233	70.7031
33.8938	72.1172
33.9659	73.5312
34.0412	74.9453
34.1213	76.3594
34.2062	77.7734
34.2943	79.1875
34.3889	80.6016
34.4898	82.0156
34.5988	83.4297
34.7173	84.8438
34.8471	86.2578
34.9929	87.6719
35.1579	89.0859
35.355	90.5
35.6033	91.9141
35.7563	90.5
35.7571	89.5723
35.7579	89.1074
35.7587	88.6436
35.7595	88.1787
35.7603	87.7148
35.7611	87.25
35.7619	86.7861
35.7627	86.3213
35.7635	85.8574
35.7643	85.3926
35.7651	84.9287
35.7659	84.4639
35.7667	84
35.7675	83.5361
35.7683	83.0713
35.7691	82.6074
35.7699	82.1426
35.7707	81.6787
35.7715	81.2139
35.7723	80.75
35.7731	80.2852
35.7739	79.8213
35.7747	79.3564
35.7755	78.8926
35.7763	78.4277
35.7771	77.9639
35.7779	77.5
35.7787	77.0352
35.7795	76.5713
35.7803	76.1064
35.7811	75.6426
35.7819	75.1777
35.7827	74.7139
35.7835	74.249
35.7843	73.7852
35.7851	73.3203
35.7859	72.8564
35.7867	72.3916
35.7875	71.9277
35.7883	71.4639
35.7891	70.999
35.7899	70.5352
35.7907	70.0703
35.7915	69.6064
35.7923	66.9766
35.7931	65.5625
35.7939	64.1484
35.7948	63.6328
35.7956	62.7344
35.8076	63.6328
35.8076	65.0469
35.8092	66.4609
36.0137	67.875
36.1323	69.2891
36.2621	70.7031
36.4079	72.1172
36.5745	73.5312
36.7716	74.9453
37.0183	76.3594
37.3708	77.7734
39.4023	79.1875
40.4388	80.6016
40.6856	82.0156
40.8826	83.4297
41.0493	84.8438
41.195	86.2578
41.3248	87.6719
41.4434	89.0859
41.5507	90.5
41.6517	91.9141
41.7462	93.3281
41.8047	91.9141
41.8055	91
41.8063	90.542
41.8071	90.085
41.8079	89.627
41.8087	89.1699
41.8095	88.7119
41.8103	88.2549
41.8111	87.7969
41.8119	87.3398
41.8127	86.8818
41.8135	86.4248
41.8143	85.9668
41.8151	85.5098
41.8159	85.0518
41.8167	84.5947
41.8175	84.1367
41.8183	83.6797
41.8191	83.2227
41.8199	82.7646
41.8207	82.3076
41.8215	81.8496
41.8223	81.3926
41.8231	80.9346
41.8239	80.4775
41.8247	80.0195
41.8255	79.5625
41.8263	79.1045
41.8271	78.6475
41.8279	78.1895
41.8287	77.7324
41.8295	77.2744
41.8303	76.8174
41.8311	76.3594
41.8319	75.9023
41.8327	75.4453
41.8335	74.9873
41.8343	74.5303
41.8351	74.0723
41.8359	73.6152
41.8367	73.1572
41.8375	72.7002
41.8383	72.2422
41.8391	71.7852
41.8399	69.8984
41.8407	68.4844
41.8415	67.0703
41.8423	65.6562
41.8431	65.0469
41.8439	64.2422
41.8567	65.0469
41.8567	66.4609
41.9164	67.875
41.9805	69.2891
42.0477	70.7031
42.1182	72.1172
42.1903	73.5312
42.2656	74.9453
42.3457	76.3594
42.4307	77.7734
42.5188	79.1875
42.6133	80.6016
42.7142	82.0156
42.8232	83.4297
42.9417	84.8438
43.0715	86.2578
43.2173	87.6719
43.3823	89.0859
43.5794	90.5
43.8277	91.9141
43.9807	90.5
43.9815	89.5723
43.9823	89.1074
43.9831	88.6436
43.9839	88.1787
43.9847	87.7148
43.9855	87.25
43.9863	86.7861
43.9871	86.3213
43.9879	85.8574
43.9887	85.3926
43.9895	84.9287
43.9903	84.4639
43.9911	84
43.9919	83.5361
43.9927	83.0713
43.9935	82.6074
43.9943	82.1426
43.9951	81.6787
43.9959	81.2139
43.9967	80.75
43.9975	80.2852
43.9983	79.8213
43.9991	79.3564
44	78.8926
44.0008	78.4277
44.0016	77.9639
44.0024	77.5
44.0032	77.0352
44.004	76.5713
44.0048	76.1064
44.0056	75.6426
44.0064	75.1777
44.0072	74.7139
44.008	74.249
44.0088	73.7852
44.0096	73.3203
44.0104	72.8564
44.0112	72.3916
44.012	71.9277
44.0128	71.4639
44.0136	70.999
44.0144	70.5352
44.0152	70.0703
44.016	69.6064
44.0168	66.9766
44.0176	65.5625
44.0184	64.1484
44.0192	63.6328
44.02	62.7344
44.032	63.6328
44.032	65.0469
44.1292	66.4609
44.2382	67.875
44.3567	69.2891
44.4865	70.7031
44.6323	72.1172
44.7989	73.5312
44.996	74.9453
45.2427	76.3594
45.4366	77.7734
48.3092	79.1875
48.6633	80.6016
48.91	82.0156
49.1071	83.4297
49.2737	84.8438
49.4195	86.2578
49.5492	87.6719
49.6678	89.0859
49.7751	90.5
49.8761	91.9141
49.9706	93.3281
