1.10212	14.1406
1.15212	14.1406
1.20581	15.5547
1.20781	18.3828
1.20981	21.2109
1.21181	24.0391
1.21382	26.8672
1.25581	15.5547
1.25781	18.3828
1.25981	21.2109
1.26181	24.0391
1.26382	26.8672
1.30946	29.6953
1.31147	32.5234
1.31347	35.3516
1.31547	38.1797
1.31748	41.0078
1.31948	43.8359
1.32148	46.6641
1.32348	49.4922
1.32549	52.3203
1.35946	29.6953
1.36147	32.5234
1.36347	35.3516
1.36547	38.1797
1.36748	41.0078
1.36948	43.8359
1.37148	46.6641
1.37348	49.4922
1.37549	52.3203
1.41312	55.1484
1.41513	57.9766
1.41713	60.8047
1.41913	63.6328
1.42114	66.4609
1.42314	69.2891
1.42514	72.1172
1.42714	74.9453
1.42915	77.7734
1.43115	80.6016
1.43315	83.4297
1.43515	86.2578
1.43716	89.0859
1.43916	91.9141
1.44116	94.7422
1.44316	97.5703
1.44517	100.398
1.44717	103.227
1.46312	55.1484
1.46513	57.9766
1.46713	60.8047
1.46913	63.6328
1.47114	66.4609
1.47314	69.2891
1.47514	72.1172
1.47714	74.9453
1.47915	77.7734
1.48115	80.6016
1.48315	83.4297
1.48515	86.2578
1.48716	89.0859
1.48916	91.9141
1.49116	94.7422
1.49316	97.5703
1.49517	100.398
1.49717	103.227
1.51678	106.055
1.51879	108.883
1.52079	111.711
1.52279	114.539
1.52479	117.367
1.5268	120.195
1.5288	123.023
1.5308	125.852
1.53281	128.68
1.53481	131.508
1.53681	134.336
1.53881	137.164
1.54082	139.992
1.54282	142.82
1.54482	145.648
1.54682	148.477
1.54883	151.305
1.55083	154.133
1.55283	156.961
1.55483	159.789
1.55684	162.617
1.55884	165.445
1.56084	168.273
1.56285	171.102
1.56485	173.93
1.56685	176.758
1.56885	179.586
1.57086	182.414
1.57286	185.242
1.57486	188.07
1.57686	190.898
1.57887	193.727
1.58087	196.555
1.58287	199.383
1.58487	202.211
1.58688	205.039
1.58888	106.055
1.59088	108.883
1.59289	111.711
1.59489	114.539
1.59689	117.367
1.59889	120.195
1.6009	123.023
1.6029	125.852
1.6049	128.68
1.6069	131.508
1.60891	134.336
1.61091	137.164
1.61291	139.992
1.61491	142.82
1.61692	145.648
1.61892	148.477
1.62092	151.305
1.62293	154.133
1.62493	156.961
1.62693	159.789
1.62893	162.617
1.63094	165.445
1.63294	168.273
1.63494	171.102
1.63694	173.93
1.63895	176.758
1.64095	179.586
1.64295	182.414
1.64495	185.242
1.64696	188.07
1.64896	190.898
1.65096	193.727
1.65297	196.555
1.65497	199.383
1.65697	202.211
1.65897	205.039
1.66098	207.867
1.66298	210.695
1.66498	213.523
1.66698	216.352
1.66899	219.18
1.67099	222.008
1.67299	224.836
1.67499	227.664
1.677	230.492
1.679	233.32
1.681	236.148
1.68301	238.977
1.68501	241.805
1.68701	244.633
1.68901	247.461
1.69102	250.289
1.69302	253.117
1.69502	255.945
1.69653	257.359
1.69831	260.188
1.69947	261.602
1.70147	264.43
1.70262	265.844
1.7044	268.672
1.70556	270.086
1.70756	272.914
1.70871	274.328
1.71049	277.156
1.71165	278.57
1.71343	281.398
1.71543	284.227
1.71658	285.641
1.71774	287.055
1.71952	289.883
1.72152	292.711
1.72267	294.125
1.72468	207.867
1.72583	295.539
1.72783	210.695
1.72861	298.367
1.73162	213.523
1.73262	301.195
1.73477	302.609
1.73577	216.352
1.73793	304.023
1.73993	219.18
1.74071	306.852
1.74371	222.008
1.74472	309.68
1.74687	311.094
1.74787	224.836
1.75003	312.508
1.75203	227.664
1.75281	315.336
1.75581	230.492
1.75681	318.164
1.75897	319.578
1.75997	233.32
1.76213	320.992
1.76413	236.148
1.76491	323.82
1.76791	238.977
1.77108	123.586
1.77207	241.805
1.77424	123.414
1.77523	244.633
1.77801	247.461
1.78001	250.289
1.78201	253.117
1.78402	255.945
1.78553	257.359
1.78731	260.188
1.78846	261.602
1.79046	264.43
1.79162	265.844
1.7934	268.672
1.79455	270.086
1.79655	272.914
1.79771	274.328
1.79972	122.328
1.80265	277.156
1.80366	122.156
1.80596	278.57
1.80851	281.398
1.80952	121.984
1.81152	120.898
1.81252	284.227
1.81483	285.641
1.81584	120.727
1.81814	287.055
1.82069	289.883
1.8217	120.555
1.82371	119.469
1.8247	292.711
1.82701	294.125
1.82802	119.297
1.83373	119.125
1.83473	123.5
1.83573	118.039
1.83674	122.258
1.84005	117.867
1.84105	122.086
1.84591	117.695
1.84691	121.914
1.84792	116.609
1.84892	120.828
1.853	120.656
1.85401	116.438
1.85616	115.352
1.8591	120.484
1.8601	115.18
1.8611	119.398
1.86519	119.227
1.86619	115.008
1.86834	113.922
1.87128	119.055
1.87271	113.75
1.87372	117.969
1.87665	113.164
1.87765	117.797
1.88024	112.078
1.8828	111.492
1.8838	117.625
1.8849	110.406
1.8859	116.539
1.88883	110.32
1.88983	116.367
1.89142	109.234
1.8942	108.648
1.89598	116.195
1.89708	115.109
1.89808	107.562
1.90101	107.477
1.90201	114.938
1.9036	106.391
1.90561	105.805
1.90738	114.766
1.90817	104.719
1.90916	113.68
1.91017	102.219
1.91386	102.133
1.91485	113.508
1.9178	101.547
1.91957	113.336
1.92134	112.25
1.92235	100.461
1.9236	99.375
1.92604	99.2891
1.92704	112.078
1.92998	98.7031
1.93253	111.906
1.93353	97.6172
1.93369	111.578
1.93469	108.906
1.93579	96.5312
1.939	96.4453
1.94	107.82
1.94193	95.8594
1.94471	107.648
1.94572	94.7734
1.94797	93.6875
1.95018	93.6016
1.95118	107.477
1.95296	106.391
1.95396	93.0156
1.95733	106.219
1.95833	91.9297
1.96021	90.8438
1.96121	105.633
1.96265	90.7578
1.96408	104.547
1.96486	89.8438
1.96663	30.3672
1.96764	103.961
1.96974	102.875
1.97352	102.789
1.97596	101.703
1.97974	101.117
1.98184	100.031
1.98385	99.9453
1.98528	98.8594
1.98729	96.8594
1.99385	95.7734
1.99595	94.6875
1.99939	94.6016
2.00317	94.0156
2.00595	92.9297
2.00704	92.0156
2.00719	37.1094
2.05023	226.25
2.07605	13.9844
2.10057	227.664
2.10657	205.039
2.17091	229.078
2.19294	230.492
2.21697	231.906
2.239	233.32
2.24727	206.453
2.26529	207.867
2.28331	209.281
2.30334	210.695
2.3307	234.734
2.34064	212.109
2.36609	236.148
2.38105	124
2.38183	123.234
2.38383	122.148
2.38993	121.977
2.39193	120.891
2.39207	237.562
2.39702	120.719
2.40311	120.547
2.40511	119.461
2.40804	123.5
2.40905	119.289
2.41005	122.258
2.41413	122.086
2.41514	119.117
2.41729	118.031
2.42023	121.914
2.42123	117.859
2.42223	120.828
2.42632	120.656
2.42732	117.688
2.42947	116.602
2.43241	120.484
2.43341	116.43
2.43441	119.398
2.4385	119.227
2.4395	116.258
2.44165	115.172
2.44459	119.055
2.44559	115
2.44659	117.969
2.45068	117.797
2.45168	114.828
2.45283	113.742
2.45677	117.625
2.45777	113.57
2.45877	116.539
2.46286	116.367
2.46386	113.398
2.46502	112.312
2.46895	116.195
2.46995	112.141
2.47289	115.109
2.4751	111.969
2.4761	114.023
2.4771	110.883
2.47854	113.438
2.48147	110.711
2.48247	112.852
2.48473	111.766
2.48728	110.539
2.48828	111.68
2.48928	109.453
2.49072	110.594
2.49282	109.281
2.49382	109.109
2.49481	110.008
2.49668	108.922
2.49769	107.695
2.49947	106.609
2.50046	108.836
2.50306	107.75
2.50407	106.438
2.50507	107.164
2.50632	106.078
2.50732	104.578
2.50987	106.266
2.51188	105.18
2.51447	103.492
2.51702	102.906
2.51803	105.008
2.51912	101.82
2.52012	103.922
2.52306	101.734
2.52406	103.75
2.52665	100.648
2.52921	100.062
2.53021	103.578
2.5313	98.9766
2.5323	102.492
2.53524	98.8906
2.53624	102.32
2.53783	97.8047
2.54061	97.2188
2.54239	102.148
2.54417	101.062
2.54517	96.1328
2.54742	95.0469
2.54842	100.891
2.55001	94.9609
2.55257	100.391
2.55304	35.6719
2.55383	94.375
2.55483	93.2891
2.55593	90.4609
2.55693	90.375
2.56415	89.7891
2.56693	88.7031
2.56903	87.6172
2.57247	87.5312
2.57625	86.9453
2.57903	85.8594
2.58013	84.9453
2.58127	35.3672
2.64334	148.477
2.65036	14.3125
2.68595	165.445
2.748	149.891
2.76803	151.305
2.80207	152.719
2.84066	166.859
2.8687	168.273
2.89273	169.688
2.89673	154.133
2.95091	171.102
2.95734	123
2.95843	122.914
2.96452	155.547
2.97393	122.823
2.9757	122.757
2.97671	122.671
2.97848	122.585
2.98064	122.488
2.98457	122.337
2.98658	122.25
2.98889	122.164
2.99067	122.078
2.99182	122.058
2.99382	121.972
2.9966	118.781
2.99861	118.07
2.99876	125.914
2.99976	124.439
3.00169	124.279
3.00269	117.898
3.00369	124.071
3.00485	123.863
3.00701	123.63
3.00878	117.727
3.00979	123.422
3.01079	116.641
3.01194	123.188
3.01287	123.028
3.01487	122.82
3.01588	116.469
3.01688	122.612
3.01919	122.379
3.02097	116.297
3.02274	115.211
3.02375	122.011
3.0249	121.803
3.02706	121.569
3.02806	115.039
3.02906	121.361
3.03137	121.128
3.03392	114.867
3.03493	120.76
3.03593	113.781
3.03693	120.552
3.03924	120.318
3.04024	113.609
3.04124	120.11
3.04355	119.877
3.04611	113.438
3.04711	119.509
3.04811	112.352
3.04911	119.301
3.05142	116.453
3.05242	112.18
3.05342	115.039
3.05473	114.867
3.05573	113.453
3.05729	112.367
3.05829	112.008
3.05929	110.953
3.06029	110.922
3.06045	110.781
3.06145	109.367
3.06304	107.953
3.06404	110.75
3.06505	107.367
3.06798	106.281
3.07019	110.578
3.07219	109.492
3.07513	105.695
3.07612	109.32
3.07791	104.609
3.08016	103.523
3.08237	109.148
3.08338	103.438
3.08353	108.82
3.08453	106.148
3.08731	102.852
3.09024	101.766
3.09212	105.977
3.09312	100.68
3.09412	104.891
3.09556	100.594
3.09849	104.719
3.09949	100.008
3.1032	98.9219
3.1042	104.547
3.1053	97.8359
3.1063	103.461
3.10774	97.75
3.11145	97.1641
3.11245	103.289
3.11423	102.203
3.11523	96.0781
3.1174	94.9922
3.11839	102.031
3.11883	94.9062
3.11983	92.9062
3.12454	101.859
3.12632	100.773
3.12733	91.8203
3.12958	90.7344
3.13057	100.602
3.13202	90.6484
3.13573	90.0625
3.13672	100.43
3.1385	99.3438
3.13951	88.9766
3.14176	87.8906
3.1442	87.8047
3.14434	97.9297
3.14533	36.9375
3.14813	87.2188
3.15191	86.1328
3.15401	85.0469
3.15645	84.9609
3.16023	84.375
3.16328	83.2891
3.16538	82.2031
3.16738	82.1172
3.16916	81.5312
3.17116	79.0312
3.17294	78.7031
3.17309	47.9219
3.21714	26.5391
3.22992	118.781
3.25296	5.32812
3.28114	108.883
3.33281	120.195
3.35484	121.609
3.3989	123.023
3.41592	110.297
3.43795	111.711
3.476	113.125
3.49803	124.438
3.5471	125.852
3.58314	114.539
3.59016	123.352
3.59217	122.467
3.59417	122.024
3.59617	121.582
3.62221	121.14
3.62321	120.697
3.62621	120.255
3.62721	119.812
3.63022	119.37
3.63122	118.928
3.63422	118.485
3.63522	118.043
3.63622	115.953
3.63823	117.601
3.63923	117.158
3.64223	116.716
3.64323	116.273
3.64524	115.831
3.64724	115.389
3.64924	114.945
3.65124	114.503
3.65325	114.061
3.65525	113.618
3.65725	113.176
3.65925	112.733
3.66126	112.291
3.66326	111.849
3.66526	111.406
3.66727	110.964
3.66927	110.521
3.67127	110.079
3.67327	109.637
3.67427	114.539
3.67528	109.194
3.67628	113.631
3.67728	108.752
3.67828	113.176
3.67928	106.383
3.68028	112.722
3.68128	104.969
3.68229	112.267
3.68329	103.555
3.68429	111.812
3.68529	102.141
3.68629	111.357
3.68729	100.727
3.68829	110.903
3.68929	99.3125
3.6903	110.449
3.6913	97.8984
3.6923	96.4844
3.6933	95.0703
3.6943	93.6562
3.6953	92.2422
3.6963	90.8281
3.69731	89.4141
3.69831	88
3.69931	87.6719
3.70031	86.5859
3.70431	109.994
3.70532	109.54
3.70732	109.085
3.70932	108.631
3.71132	108.176
3.71333	107.722
3.71533	107.268
3.71733	106.812
3.71933	106.358
3.72134	105.903
3.72334	105.449
3.72534	104.994
3.72735	104.54
3.72935	104.086
3.73135	103.631
3.73335	103.177
3.73536	102.722
3.73736	102.268
3.73936	101.812
3.74136	101.358
3.74337	100.904
3.74537	100.449
3.74737	99.9951
3.74937	99.54
3.75138	99.0859
3.75338	98.6309
3.75538	96.7656
3.75739	95.3516
3.75939	93.9375
3.76139	92.5234
3.76339	91.1094
3.7654	89.6953
3.76641	85.1719
3.7674	88.2812
3.7694	86.8672
3.7714	85.4531
3.77341	84.0391
3.77368	84.0859
3.77467	49.8203
3.77567	82.625
3.77767	81.2109
3.77967	80.6016
3.78168	79.7969
3.83274	80.6016
3.83274	82.0156
3.83474	83.4297
3.88726	87.6719
3.88726	89.0859
3.99466	84.8438
4.01669	90.5
4.05274	91.9141
4.11683	86.2578
4.15388	93.3281
4.24099	87.6719
4.26302	94.7422
4.30107	96.1562
4.36816	89.0859
4.43024	97.5703
4.50034	90.5
4.56142	98.9844
4.63351	91.9141
4.6946	100.398
4.76669	93.3281
4.83178	101.812
4.90387	94.7422
5.06008	103.227
5.13118	96.1562
5.26836	104.641
5.55374	97.5703
5.62183	106.055
8.25634	98.9844
8.33444	107.469
8.54973	100.398
8.68991	108.883
8.8331	101.812
8.93524	110.297
8.99332	103.227
9.1335	111.711
9.16054	104.641
9.29772	113.125
9.30573	106.055
9.43691	107.469
9.44292	114.539
9.55607	108.883
9.57609	115.953
9.66421	110.297
9.69325	117.367
9.71829	108.883
9.72029	107.964
9.7223	107.505
9.7243	107.045
9.7263	106.585
9.7283	106.126
9.73031	105.666
9.73231	105.207
9.73431	104.747
9.73632	104.287
9.73832	103.828
9.74032	103.368
9.74232	102.909
9.74433	102.449
9.74633	101.989
9.74833	101.53
9.75033	101.07
9.75234	100.611
9.75434	100.151
9.75634	99.6914
9.75834	99.2324
9.76035	98.7725
9.76235	98.3135
9.76435	97.8535
9.76636	97.3936
9.76836	96.9346
9.77036	96.4746
9.77236	96.0156
9.77437	95.5557
9.77637	95.0957
9.77837	94.6367
9.78037	94.1768
9.78238	93.7178
9.78438	93.2578
9.78638	92.7979
9.78838	92.3389
9.79039	91.8789
9.79239	89.3828
9.79439	87.9688
9.79539	115.953
9.7964	86.5547
9.7974	115.056
9.7984	85.1406
9.7994	114.606
9.8004	83.7266
9.8014	114.157
9.8024	82.3125
9.8034	113.708
9.80441	80.8984
9.80541	113.259
9.80641	79.4844
9.80741	112.81
9.80841	78.0703
9.80941	112.36
9.81041	76.6562
9.81142	111.911
9.81242	76.3594
9.81342	111.462
9.81442	75.2422
9.81542	111.013
9.81742	110.563
9.81943	110.114
9.82143	109.665
9.82343	109.216
9.82543	108.767
9.82744	108.317
9.82944	107.868
9.83144	107.419
9.83245	73.8281
9.83344	106.97
9.83545	106.521
9.83745	106.072
9.83945	105.623
9.84146	105.174
9.84346	104.725
9.84546	104.275
9.84746	103.826
9.84947	103.377
9.85147	102.928
9.85347	102.479
9.85547	102.029
9.85748	101.58
9.85948	101.131
9.86148	100.682
9.86348	100.232
9.86549	98.2266
9.86749	96.8125
9.86949	95.3984
9.87049	76.3594
9.8715	93.9844
9.8725	75.2422
9.8735	92.5703
9.8755	91.1562
9.8775	89.7422
9.87951	88.3281
9.88151	86.9141
9.88351	85.5
9.88551	84.0859
9.88652	82.6719
9.88752	82.0156
9.88952	81.2578
9.89353	79.8438
9.93782	82.0156
9.93882	81.2578
9.95432	76.3594
9.95432	77.7734
9.99037	79.1875
9.99237	80.6016
10.0184	82.0156
10.0184	83.4297
10.0545	84.8438
10.0565	86.2578
10.0775	82.0156
10.0835	83.4297
10.1326	87.6719
10.1406	89.0859
10.1666	84.8438
10.2107	86.2578
10.2507	90.5
10.2647	91.9141
10.2868	87.6719
10.3488	89.0859
10.3729	93.3281
10.3969	94.7422
10.443	90.5
10.497	91.9141
10.499	96.1562
10.5451	97.5703
10.5771	93.3281
10.6292	98.9844
10.6703	94.7422
10.6953	100.398
10.7494	96.1562
10.7784	101.812
10.8435	97.5703
10.9006	103.227
10.9466	98.9844
10.9627	104.641
11.0618	106.055
11.0878	100.398
11.1709	101.812
11.185	107.469
11.3021	103.227
11.3291	108.883
11.4473	104.641
11.4743	110.297
11.5665	111.711
11.6145	106.055
11.7627	113.125
11.8108	107.469
11.9299	114.539
12.0591	108.883
12.0601	113.125
12.0621	112.205
12.0641	111.745
12.0661	111.285
12.0681	110.825
12.0701	110.365
12.0721	109.905
12.0741	109.445
12.0762	108.985
12.0782	108.525
12.0802	108.065
12.0822	107.605
12.0842	107.146
12.0862	106.686
12.0882	106.226
12.0902	105.766
12.0922	105.306
12.0942	104.846
12.0962	104.386
12.0982	103.926
12.1002	103.466
12.1022	103.006
12.1042	102.546
12.1062	102.086
12.1082	101.626
12.1102	101.166
12.1122	100.706
12.1142	100.245
12.1162	99.7852
12.1182	99.3252
12.1202	98.8652
12.1222	98.4053
12.1242	97.9453
12.1262	97.4854
12.1282	97.0254
12.1302	96.5654
12.1322	93.8047
12.1342	92.3906
12.1362	90.9766
12.1382	89.5625
12.1402	88.1484
12.1422	86.7344
12.1442	85.3203
12.1462	83.9062
12.1482	82.4922
12.1503	81.0781
12.1513	107.469
12.1523	79.6641
12.1533	106.538
12.1543	79.1875
12.1553	106.073
12.1563	78.25
12.1573	105.607
12.1593	105.143
12.1603	76.8359
12.1613	104.677
12.1633	104.212
12.1653	103.746
12.1673	103.28
12.1693	102.815
12.1713	102.35
12.1733	101.885
12.1753	101.419
12.1773	100.954
12.1793	100.488
12.1813	100.023
12.1833	99.5576
12.1853	99.0918
12.1873	98.627
12.1893	98.1611
12.1913	97.6963
12.1933	97.2305
12.1953	96.7656
12.1973	96.2998
12.1993	95.835
12.2013	95.3691
12.2033	94.9033
12.2053	94.4385
12.2073	93.9727
12.2093	93.5078
12.2103	75.4219
12.2113	93.042
12.2133	92.5771
12.2153	92.1113
12.2163	79.1875
12.2173	91.6465
12.2183	78.25
12.2193	91.1807
12.2213	90.7148
12.2233	90.25
12.2254	89.7842
12.2274	88.0703
12.2294	86.6562
12.2314	85.2422
12.2337	83.8281
12.2357	82.4141
12.2377	81
12.2387	79.5859
12.2407	78.1719
12.2427	76.7578
12.2437	75.3438
12.2447	74.9453
12.2467	73.9297
12.2828	74.9453
12.2828	76.3594
12.2848	57.9766
12.2868	77.7734
12.3241	79.1875
12.3241	80.6016
12.3352	82.0156
12.3912	79.1875
12.4313	83.4297
12.5024	80.6016
12.5444	84.8438
12.6175	82.0156
12.6596	86.2578
12.7327	83.4297
12.7767	87.6719
12.8518	84.8438
12.8959	89.0859
12.971	86.2578
13.0171	90.5
13.1342	87.6719
13.1763	91.9141
13.3445	89.0859
13.3916	93.3281
13.5978	90.5
13.6469	94.7422
13.9313	91.9141
13.9723	96.1562
16.6459	93.3281
16.6869	97.5703
17.0314	94.7422
17.0825	98.9844
17.2467	96.1562
17.2877	100.398
17.444	97.5703
17.491	101.812
17.6102	98.9844
17.6502	103.227
17.7554	100.398
17.8094	104.641
17.8845	101.812
17.9266	106.055
18.0037	103.227
18.0598	107.469
18.1489	104.641
18.204	108.883
18.226	106.055
18.255	110.297
18.3081	107.469
18.3492	111.711
18.3952	108.883
18.4393	113.125
18.4803	110.297
18.5224	114.539
18.5815	111.711
18.6035	115.953
18.6215	114.539
18.6235	113.631
18.6255	113.176
18.6275	112.722
18.6295	112.267
18.6355	113.125
18.6386	111.812
18.6396	111.357
18.6426	110.903
18.6436	110.449
18.6466	109.994
18.6476	109.54
18.6506	109.085
18.6516	108.631
18.6546	108.176
18.6556	107.722
18.6586	107.268
18.6596	106.812
18.6626	106.358
18.6636	105.903
18.6666	105.449
18.6676	104.994
18.6696	104.54
18.6716	104.086
18.6736	103.631
18.6756	103.177
18.6776	102.722
18.6796	102.268
18.6816	101.812
18.6836	101.358
18.6856	100.904
18.6876	100.449
18.6896	99.9951
18.6916	99.54
18.6936	99.0859
18.6956	98.6309
18.6976	96.8906
18.6996	95.4766
18.7016	94.0625
18.7036	92.6484
18.7056	91.2344
18.7076	89.8203
18.7097	88.4062
18.7106	114.539
18.7117	86.9922
18.7137	85.5781
18.7157	84.1641
18.7177	82.75
18.7197	81.3359
18.7217	80.6016
18.7227	113.125
18.7237	79.9219
18.7247	112.205
18.7267	111.745
18.7287	111.285
18.7307	110.825
18.7327	110.365
18.7347	109.905
18.7367	109.445
18.7387	108.985
18.7407	108.525
18.7427	108.065
18.7447	107.605
18.7467	107.146
18.7487	106.686
18.7507	106.226
18.7527	105.766
18.7547	105.306
18.7567	104.846
18.7587	104.386
18.7607	103.926
18.7627	103.466
18.7647	103.006
18.7667	102.546
18.7687	102.086
18.7707	101.626
18.7727	101.166
18.7747	100.706
18.7767	100.245
18.7787	99.7852
18.7807	99.3252
18.7827	98.8652
18.7848	98.4053
18.7868	97.9453
18.7888	97.4854
18.7897	80.6016
18.7897	82.0156
18.7908	97.0254
18.7928	96.5654
18.7938	83.4297
18.7948	95.125
18.7968	93.7109
18.7978	84.8438
18.7988	92.2969
18.8008	90.8828
18.8028	89.4688
18.8053	88.0547
18.8073	86.6406
18.8093	85.2266
18.8113	83.8125
18.8133	82.3984
18.8153	80.9844
18.8173	79.5703
18.8193	79.1875
18.8213	78.1562
18.8594	79.1875
18.8594	80.6016
18.8654	82.0156
18.8704	83.4297
18.9158	86.2578
18.9178	87.6719
18.9748	89.0859
19.0089	84.8438
19.0109	86.2578
19.0429	87.6719
19.0609	90.5
19.1	91.9141
19.13	89.0859
19.1701	90.5
19.1851	93.3281
19.2372	94.7422
19.2562	91.9141
19.3063	93.3281
19.3133	96.1562
19.3864	94.7422
19.4455	97.5703
19.4575	96.1562
19.4655	98.9844
19.5356	97.5703
19.5806	100.398
19.6397	101.812
19.6577	98.9844
19.7078	100.398
19.7348	103.227
19.8019	101.812
19.861	104.641
19.9411	103.227
20.0042	106.055
20.0132	104.641
20.0603	107.469
20.1304	106.055
20.1904	108.883
20.2605	107.469
20.3356	110.297
20.4057	108.883
20.5029	111.711
20.573	110.297
20.7001	113.125
20.7722	111.711
20.8203	110.297
20.8223	109.39
20.8243	108.936
20.8263	108.481
20.8283	108.028
20.8303	107.574
20.8323	107.12
20.8343	106.666
20.8363	106.212
20.8383	105.759
20.8403	105.305
20.8423	104.851
20.8443	104.396
20.8463	103.942
20.8483	103.489
20.8503	103.035
20.8523	102.581
20.8543	102.127
20.8563	101.673
20.8583	101.22
20.8603	100.766
20.8624	100.312
20.8644	99.8574
20.8664	99.4043
20.8684	98.9502
20.8704	98.4961
20.8724	98.042
20.8744	97.5879
20.8764	97.1348
20.8784	96.6807
20.8804	96.2266
20.8824	95.7725
20.8844	95.3184
20.8864	94.8652
20.8884	94.4111
20.8904	93.957
20.8924	93.5029
20.8944	91.0078
20.8964	89.5938
20.8984	88.1797
20.9004	86.7656
20.9024	85.3516
20.9044	83.9375
20.9064	82.5234
20.9084	81.1094
20.9094	111.711
20.9104	79.6953
20.9114	110.814
20.9124	78.2812
20.9134	110.366
20.9144	77.7734
20.9154	109.918
20.9164	76.8672
20.9174	109.47
20.9194	109.021
20.9204	75.4531
20.9214	108.573
20.9234	108.125
20.9254	107.676
20.9274	107.228
20.9294	106.779
20.9314	106.331
20.9334	105.883
20.9354	105.435
20.9375	104.986
20.9395	104.538
20.9415	104.089
20.9435	103.641
20.9455	103.192
20.9475	102.744
20.9495	102.296
20.9515	101.848
20.9535	101.399
20.9555	100.951
20.9575	100.502
20.9595	100.054
20.9615	99.6055
20.9635	99.1572
20.9655	98.709
20.9675	98.2607
20.9695	97.8125
20.9705	74.0391
20.9715	97.3643
20.9725	77.7734
20.9735	96.915
20.9745	76.8672
20.9755	96.4668
20.9775	96.0186
20.9795	95.5703
20.9815	93.9297
20.9835	92.5156
20.9855	91.1016
20.9875	89.6875
20.9885	88.2734
20.9895	86.8594
20.9915	85.4453
20.9935	84.0312
20.9949	82.6172
20.9969	81.2031
20.9979	79.7891
20.9989	79.1875
21.0009	78.375
21.0089	76.9609
21.043	79.1875
21.044	78.375
21.045	56.5625
21.0614	77.1328
21.0855	77.7734
21.0855	79.1875
21.0935	80.6016
21.1235	79.1875
21.1235	80.6016
21.1526	82.0156
21.1726	82.0156
21.2372	83.4297
21.2883	83.4297
21.3523	84.8438
21.4054	84.8438
21.4174	86.2578
21.5226	86.2578
21.5366	87.6719
21.6437	87.6719
21.6638	89.0859
21.7709	89.0859
21.835	90.5
21.9381	90.5
21.9762	91.9141
22.1444	91.9141
22.2155	93.3281
22.4017	93.3281
22.4188	94.7422
22.7352	94.7422
22.7722	96.1562
25.4798	96.1562
25.4989	97.5703
25.8013	97.5703
25.8403	98.9844
26.0526	98.9844
26.1017	100.398
26.2849	101.812
26.3039	100.398
26.4451	101.812
26.4662	103.227
26.5873	103.227
26.6093	104.641
26.7255	106.055
26.7325	104.641
26.8056	106.055
26.8447	107.469
26.9137	107.469
26.9568	108.883
27.0209	108.883
27.0549	110.297
27.109	110.297
27.1481	111.711
27.1981	111.711
27.2472	113.125
27.2832	113.125
27.3113	111.711
27.3143	110.814
27.3153	110.366
27.3183	109.918
27.3193	109.47
27.3213	114.539
27.3223	109.021
27.3233	108.573
27.3263	108.125
27.3273	107.676
27.3303	107.228
27.3313	106.779
27.3343	106.331
27.3353	105.883
27.3383	105.435
27.3393	104.986
27.3423	104.538
27.3433	104.089
27.3453	103.641
27.3473	103.192
27.3493	102.744
27.3513	102.296
27.3533	101.848
27.3553	101.399
27.3573	100.951
27.3593	100.502
27.3614	100.054
27.3634	99.6055
27.3654	99.1572
27.3674	98.709
27.3694	98.2607
27.3714	97.8125
27.3734	97.3643
27.3754	96.915
27.3774	96.4668
27.3794	96.0186
27.3814	95.5703
27.3834	93.7188
27.3844	92.3047
27.3854	90.8906
27.3864	89.4766
27.3874	88.0625
27.3884	86.6484
27.3894	85.2344
27.3904	83.8203
27.3914	113.125
27.3924	112.205
27.3934	82.4062
27.3944	111.745
27.3954	80.9922
27.3964	111.285
27.3974	79.5781
27.3984	110.825
27.3994	79.1875
27.4004	110.365
27.4014	78.1641
27.4024	109.905
27.4044	109.445
27.4064	108.985
27.4084	108.525
27.4104	108.065
27.4124	107.605
27.4144	107.146
27.4164	106.686
27.4184	106.226
27.4204	105.766
27.4224	105.306
27.4244	104.846
27.4264	104.386
27.4294	103.926
27.4304	103.466
27.4324	103.006
27.4344	102.546
27.4365	102.086
27.4385	101.626
27.4405	101.166
27.4425	100.706
27.4445	100.245
27.4465	99.7852
27.4485	99.3252
27.4505	98.8652
27.4525	98.4053
27.4545	97.9453
27.4565	97.4854
27.4585	97.0254
27.4605	96.5654
27.4625	93.9062
27.4635	79.1875
27.4635	80.6016
27.4645	92.4922
27.4665	91.0781
27.4675	82.0156
27.4685	89.6641
27.4705	88.25
27.4725	86.8359
27.4745	85.4219
27.4755	83.4297
27.4765	84.0078
27.4775	82.5938
27.4795	81.1797
27.4805	79.7656
27.4815	79.1875
27.4838	78.3516
27.5309	79.1875
27.5309	80.6016
27.5329	82.0156
27.5419	83.4297
27.5864	84.8438
27.5924	86.2578
27.6775	84.8438
27.6795	86.2578
27.7135	87.6719
27.7306	87.6719
27.7336	89.0859
27.7876	90.5
27.7957	89.0859
27.8417	90.5
27.8567	91.9141
27.9208	91.9141
27.9789	93.3281
27.9809	93.3281
28.0069	94.7422
28.052	94.7422
28.1111	96.1562
28.1692	97.5703
28.1822	96.1562
28.2062	97.5703
28.2603	98.9844
28.3163	98.9844
28.3804	100.398
28.3904	100.398
28.4736	101.812
28.5196	101.812
28.5627	103.227
28.5947	103.227
28.6818	104.641
28.7389	104.641
28.803	106.055
28.811	106.055
28.9322	107.469
28.9592	107.469
29.0774	108.883
29.1224	108.883
29.2466	110.297
29.3197	110.297
29.4408	111.711
29.57	111.711
29.6171	110.297
29.6191	109.39
29.6211	108.936
29.6231	108.481
29.6251	108.028
29.6271	107.574
29.6291	107.12
29.6311	106.666
29.6331	106.212
29.6351	105.759
29.6371	105.305
29.6391	104.851
29.6411	104.396
29.6431	103.942
29.6451	103.489
29.6471	103.035
29.6491	102.581
29.6511	102.127
29.6531	101.673
29.6551	101.22
29.6571	100.766
29.6591	100.312
29.6611	99.8574
29.6631	99.4043
29.6652	98.9502
29.6672	98.4961
29.6692	98.042
29.6712	97.5879
29.6732	97.1348
29.6752	96.6807
29.6772	96.2266
29.6792	95.7725
29.6812	95.3184
29.6832	94.8652
29.6852	94.4111
29.6872	93.957
29.6892	93.5029
29.6912	90.9531
29.6932	89.5391
29.6952	88.125
29.6972	86.7109
29.6992	85.2969
29.7012	83.8828
29.7032	82.4688
29.7042	110.297
29.7052	81.0547
29.7062	109.39
29.7072	79.6406
29.7082	108.936
29.7092	78.2266
29.7102	108.481
29.7112	77.7734
29.7122	108.028
29.7132	76.8125
29.7142	107.574
29.7162	107.12
29.7172	75.3984
29.7182	106.666
29.7202	106.212
29.7222	105.759
29.7242	105.305
29.7262	104.851
29.7282	104.396
29.7302	103.942
29.7322	103.489
29.7342	103.035
29.7362	102.581
29.7382	102.127
29.7403	101.673
29.7423	101.22
29.7443	100.766
29.7463	100.312
29.7483	99.8574
29.7503	99.4043
29.7523	98.9502
29.7543	98.4961
29.7563	98.042
29.7583	97.5879
29.7603	97.1348
29.7623	96.6807
29.7643	96.2266
29.7663	95.7725
29.7673	73.9844
29.7683	95.3184
29.7693	77.7734
29.7703	94.8652
29.7713	76.8125
29.7723	94.4111
29.7743	93.957
29.7763	93.5029
29.7783	90.9844
29.7803	89.5703
29.7823	88.1562
29.7843	86.7422
29.7853	85.3281
29.7863	83.9141
29.7883	82.5
29.7903	81.0859
29.7917	79.6719
29.7937	78.2578
29.7947	77.7734
29.7957	76.8438
29.8017	75.4297
29.8377	77.7734
29.8387	76.8438
29.8407	56.5625
29.8811	77.7734
29.8811	79.1875
29.8892	80.6016
29.9172	77.7734
29.9172	79.1875
29.9462	80.6016
29.9653	82.0156
30.0329	82.0156
30.0809	83.4297
30.146	83.4297
30.1961	84.8438
30.2091	84.8438
30.3132	86.2578
30.3263	86.2578
30.4324	87.6719
30.5035	87.6719
30.5656	89.0859
30.6247	89.0859
30.7328	90.5
30.7698	90.5
30.9291	91.9141
31.0032	91.9141
31.1864	93.3281
31.2605	93.3281
31.5659	94.7422
31.5779	94.7422
34.2505	96.1562
34.2985	96.1562
34.626	97.5703
34.644	97.5703
34.8813	98.9844
34.8993	98.9844
35.0425	100.398
35.1166	100.398
35.2088	101.812
35.2578	101.812
35.3539	103.227
35.399	103.227
35.4911	104.641
35.5442	104.641
35.6053	106.055
35.6884	106.055
35.7455	107.469
35.7505	107.469
35.8116	108.883
35.8466	108.883
35.9057	110.297
35.9788	110.297
35.9958	111.711
36.0308	111.711
36.0779	113.125
36.123	113.125
36.161	114.539
36.1971	114.539
36.2341	115.953
36.2612	113.125
36.2672	112.205
36.2682	111.745
36.2702	111.285
36.2722	110.825
36.2742	110.365
36.2762	109.905
36.2782	109.445
36.2802	108.985
36.2822	108.525
36.2842	108.065
36.2862	107.605
36.2882	107.146
36.2902	106.686
36.2922	106.226
36.2942	105.766
36.2962	105.306
36.2982	104.846
36.3002	104.386
36.3022	103.926
36.3042	103.466
36.3062	103.006
36.3072	117.367
36.3082	102.546
36.3102	102.086
36.3122	101.626
36.3142	101.166
36.3162	100.706
36.3182	100.245
36.3202	99.7852
36.3222	99.3252
36.3242	98.8652
36.3263	98.4053
36.3283	97.9453
36.3303	97.4854
36.3323	97.0254
36.3343	96.5654
36.3363	93.8359
36.3383	92.4219
36.3403	91.0078
36.3423	89.5938
36.3443	88.1797
36.3463	86.7656
36.3483	85.3516
36.3503	83.9375
36.3523	82.5234
36.3533	115.953
36.3543	81.1094
36.3553	115.056
36.3563	79.6953
36.3573	114.606
36.3583	79.1875
36.3593	114.157
36.3603	78.2812
36.3613	113.708
36.3633	113.259
36.3653	112.81
36.3673	112.36
36.3693	111.911
36.3713	111.462
36.3733	111.013
36.3753	110.563
36.3773	110.114
36.3793	109.665
36.3813	109.216
36.3833	108.767
36.3853	108.317
36.3873	107.868
36.3893	107.419
36.3913	106.97
36.3933	106.521
36.3953	106.072
36.3973	105.623
36.3993	105.174
36.4014	104.725
36.4034	104.275
36.4054	103.826
36.4074	103.377
36.4094	102.928
36.4114	102.479
36.4134	102.029
36.4154	101.58
36.4174	101.131
36.4194	100.682
36.4214	100.232
36.4224	52.3203
36.4234	98.2109
36.4244	51.4141
36.4254	96.7969
36.4264	50
36.4274	95.3828
36.4294	93.9688
36.4314	92.5547
36.4334	91.1406
36.4354	89.7266
36.4374	88.3125
36.4398	86.8984
36.4418	85.4844
36.4438	84.0703
36.4458	82.6562
36.4478	82.0156
36.4488	81.2422
36.4518	79.8281
36.4919	82.0156
36.4929	81.2422
36.5434	79.1875
36.5434	80.6016
36.5474	82.0156
36.5514	83.4297
36.5794	82.0156
36.5794	83.4297
36.6135	84.8438
36.6155	86.2578
36.647	84.8438
36.6671	86.2578
36.7061	87.6719
36.7081	89.0859
36.7622	90.5
36.7662	87.6719
36.7882	89.0859
36.8263	91.9141
36.8894	90.5
36.9214	91.9141
36.9525	93.3281
36.9565	94.7422
37.0165	93.3281
37.0626	94.7422
37.0806	96.1562
37.0986	97.5703
37.1467	96.1562
37.2128	98.9844
37.2549	100.398
37.2809	97.5703
37.3029	98.9844
37.348	101.812
37.4191	100.398
37.4872	101.812
37.4882	103.227
37.5222	104.641
37.5883	103.227
37.6324	106.055
37.7055	104.641
37.7776	107.469
37.8496	106.055
37.8516	108.883
37.9808	110.297
37.9948	107.469
38.126	111.711
38.139	108.883
38.2842	110.297
38.2932	113.125
38.4555	111.711
38.4905	114.539
38.5105	113.125
38.5125	112.205
38.5145	111.745
38.5165	111.285
38.5185	110.825
38.5205	110.365
38.5226	109.905
38.5246	109.445
38.5266	108.985
38.5286	108.525
38.5306	108.065
38.5326	107.605
38.5346	107.146
38.5366	106.686
38.5386	106.226
38.5406	105.766
38.5426	105.306
38.5446	104.846
38.5466	104.386
38.5486	103.926
38.5506	103.466
38.5526	103.006
38.5546	102.546
38.5566	102.086
38.5586	101.626
38.5606	101.166
38.5626	100.706
38.5646	100.245
38.5666	99.7852
38.5686	99.3252
38.5706	98.8652
38.5726	98.4053
38.5746	97.9453
38.5766	97.4854
38.5786	97.0254
38.5806	96.5654
38.5826	95.0312
38.5846	93.6172
38.5866	92.2031
38.5886	90.7891
38.5906	89.375
38.5926	87.9609
38.5936	110.297
38.5946	86.5469
38.5956	109.39
38.5967	85.1328
38.5977	108.936
38.5987	83.7188
38.5997	108.481
38.6007	82.3047
38.6017	108.028
38.6027	80.8906
38.6037	107.574
38.6047	79.4766
38.6057	107.12
38.6067	79.1875
38.6077	106.666
38.6087	78.0625
38.6097	106.212
38.6117	105.759
38.6137	105.305
38.6157	104.851
38.6177	104.396
38.6197	103.942
38.6217	103.489
38.6237	103.035
38.6257	102.581
38.6277	102.127
38.6297	101.673
38.6317	101.22
38.6337	100.766
38.6357	100.312
38.6377	99.8574
38.6397	99.4043
38.6417	98.9502
38.6437	98.4961
38.6457	98.042
38.6477	97.5879
38.6497	97.1348
38.6517	96.6807
38.6537	96.2266
38.6557	95.7725
38.6577	95.3184
38.6597	94.8652
38.6617	94.4111
38.6637	93.957
38.6657	93.5029
38.6677	91.1875
38.6687	50.9062
38.6697	89.7734
38.6707	49.7812
38.6718	88.3594
38.6738	86.9453
38.6748	48.3672
38.6758	85.5312
38.6778	84.1172
38.6798	82.7031
38.6818	81.2891
38.6838	79.875
38.686	78.4609
38.688	77.7734
38.69	77.0469
38.694	75.6328
38.7321	77.7734
38.7331	77.0469
38.7856	79.1875
38.7856	80.6016
38.7876	82.0156
38.8197	77.7734
38.8197	79.1875
38.8497	80.6016
38.8893	83.4297
38.9464	82.0156
39.0034	84.8438
39.0615	83.4297
39.1116	84.8438
39.1186	86.2578
39.2287	86.2578
39.2388	87.6719
39.3599	89.0859
39.421	87.6719
39.4821	90.5
39.5442	89.0859
39.6373	91.9141
39.6713	90.5
39.8596	93.3281
39.9247	91.9141
40.1159	93.3281
40.1189	94.7422
40.4343	96.1562
40.4694	94.7422
43.182	96.1562
43.199	97.5703
43.5024	98.9844
43.5395	97.5703
43.7498	100.398
43.8148	98.9844
43.946	101.812
43.9801	100.398
44.1473	101.812
44.1663	103.227
44.2915	103.227
44.3095	104.641
44.4227	104.641
44.4537	106.055
44.5068	107.469
44.5398	106.055
44.6139	108.883
44.672	107.469
44.7441	110.297
44.7511	108.883
44.8092	111.711
44.8432	110.297
44.8993	113.125
44.9604	111.711
44.9844	114.539
45.0174	113.125
45.0635	115.953
45.1056	114.539
45.1386	117.367
45.1737	115.953
45.1807	115.953
45.1827	115.056
45.1847	114.606
45.1867	114.157
45.1887	113.708
45.1907	113.259
45.1927	112.81
45.1947	112.36
45.1967	111.911
45.1987	111.462
45.2007	111.013
45.2027	110.563
45.2047	110.114
45.2067	109.665
45.2087	109.216
45.2107	108.767
45.2127	108.317
45.2147	107.868
45.2167	107.419
45.2187	106.97
45.2207	106.521
45.2227	106.072
45.2247	105.623
45.2267	105.174
45.2287	104.725
45.2307	104.275
45.2327	103.826
45.2347	103.377
45.2367	102.928
45.2388	102.479
45.2408	102.029
45.2428	101.58
45.2448	101.131
45.2458	117.367
45.2468	100.682
45.2488	100.232
45.2508	98.1953
45.2528	96.7812
45.2548	95.3672
45.2568	93.9531
45.2588	92.5391
45.2608	91.125
45.2628	89.7109
45.2638	115.953
45.2648	88.2969
45.2658	115.056
45.2668	86.8828
45.2678	114.606
45.2688	85.4688
45.2698	114.157
45.2708	84.0547
45.2718	113.708
45.2728	82.6406
45.2738	113.259
45.2748	82.0156
45.2758	112.81
45.2768	81.2266
45.2778	112.36
45.2798	111.911
45.2818	111.462
45.2838	111.013
45.2858	110.563
45.2878	110.114
45.2898	109.665
45.2918	109.216
45.2938	108.767
45.2958	108.317
45.2978	107.868
45.2998	107.419
45.3018	106.97
45.3038	106.521
45.3058	106.072
45.3078	105.623
45.3098	105.174
45.3118	104.725
45.3139	104.275
45.3159	103.826
45.3179	103.377
45.3199	102.928
45.3219	102.479
45.3239	102.029
45.3259	101.58
45.3279	101.131
45.3299	100.682
45.3319	100.232
45.3339	98.0234
45.3359	96.6094
45.3379	95.1953
45.3399	93.7812
45.3419	92.3672
45.3429	49.4922
45.3439	90.9531
45.3449	48.7031
45.3459	89.5391
45.3469	47.2891
45.3479	88.125
45.3499	86.7109
45.3519	85.2969
45.3539	83.8828
45.3564	82.4688
45.3584	82.0156
45.3604	81.0547
45.3644	79.6406
45.4074	82.0156
45.4084	81.0547
45.4618	82.0156
45.4618	83.4297
45.4649	84.8438
45.4689	86.2578
45.4949	82.0156
45.4949	83.4297
45.5289	84.8438
45.5309	86.2578
45.5655	87.6719
45.5855	89.0859
45.6266	87.6719
45.6286	89.0859
45.6787	90.5
45.6867	90.5
45.7067	91.9141
45.7488	91.9141
45.8048	93.3281
45.8118	93.3281
45.8399	94.7422
45.8769	94.7422
45.942	96.1562
45.9821	97.5703
46.0091	96.1562
46.0151	97.5703
46.0752	98.9844
46.1373	100.398
46.1433	98.9844
46.1713	100.398
46.2214	101.812
46.2815	101.812
46.3435	103.227
46.3516	103.227
46.4056	104.641
46.4387	104.641
46.5058	106.055
46.5668	106.055
46.6409	107.469
46.712	107.469
46.7661	108.883
46.7851	108.883
46.8622	110.297
46.8953	110.297
47.0104	111.711
47.0435	111.711
47.1767	113.125
47.2097	113.125
47.2998	111.711
47.3018	110.814
47.3038	110.366
47.3058	109.918
47.3078	109.47
47.3098	109.021
47.3118	108.573
47.3138	108.125
47.3158	107.676
47.3178	107.228
47.3199	106.779
47.3219	106.331
47.3239	105.883
47.3259	105.435
47.3279	104.986
47.3299	104.538
47.3319	104.089
47.3339	103.641
47.3359	103.192
47.3379	102.744
47.3399	102.296
47.3419	101.848
47.3439	101.399
47.3459	100.951
47.3479	100.502
47.3499	100.054
47.3519	99.6055
47.3539	99.1572
47.3559	98.709
47.3579	98.2607
47.3599	97.8125
47.3619	97.3643
47.3639	96.915
47.3659	96.4668
47.3679	96.0186
47.3699	95.5703
47.3709	114.539
47.3719	93.9141
47.3739	92.5
47.3759	91.0859
47.3779	89.6719
47.3799	88.2578
47.3819	86.8438
47.3829	113.125
47.3839	85.4297
47.3849	112.205
47.3859	84.0156
47.3869	111.745
47.3879	82.6016
47.3889	111.285
47.3899	81.1875
47.3909	110.825
47.3919	79.7734
47.3929	110.365
47.3939	79.1875
47.395	109.905
47.396	78.3594
47.397	109.445
47.399	108.985
47.401	108.525
47.403	108.065
47.405	107.605
47.407	107.146
47.409	106.686
47.411	106.226
47.413	105.766
47.415	105.306
47.417	104.846
47.419	104.386
47.421	103.926
47.423	103.466
47.425	103.006
47.427	102.546
47.429	102.086
47.431	101.626
47.433	101.166
47.435	100.706
47.437	100.245
47.439	99.7852
47.441	99.3252
47.443	98.8652
47.445	98.4053
47.447	97.9453
47.449	97.4854
47.451	97.0254
47.453	96.5654
47.455	93.9609
47.457	92.5469
47.458	79.1875
47.458	80.6016
47.459	91.1328
47.461	89.7188
47.463	88.3047
47.464	78.3594
47.465	86.8906
47.466	77.4531
47.467	85.4766
47.468	76.999
47.469	84.0625
47.4701	76.5459
47.4711	82.6484
47.4719	76.1475
47.4725	75.9043
47.4735	81.2344
47.4755	79.8203
47.4775	79.1875
47.4785	78.4062
47.4825	76.9922
47.5226	79.1875
47.5236	78.4062
47.5761	75.4512
47.5781	74.5439
47.5801	73.6367
47.5821	72.7295
47.5841	71.8223
47.5861	70.915
47.5881	70.0088
47.5901	69.1016
47.5921	68.1943
47.5941	67.2871
47.5961	66.3799
47.5981	65.4727
47.6001	64.5664
47.6021	63.6592
47.6041	62.752
47.6061	61.8447
47.6081	60.9375
47.6101	60.0312
47.6121	59.124
47.6141	55.1484
47.6262	56.5625
47.6282	57.9766
47.6292	79.1875
47.6292	80.6016
47.6612	82.0156
47.7368	83.4297
47.7939	59.3906
47.8415	84.8438
47.8996	60.8047
47.9451	86.2578
48.0273	62.2188
48.0498	87.6719
48.1695	89.0859
48.2155	63.6328
48.3137	90.5
48.4298	65.0469
48.4809	91.9141
48.6491	66.4609
48.6942	93.3281
48.9255	94.7422
48.9906	67.875
49.279	96.1562
