1.1	1	0.00448	0	0.051116	0
1.1	2	0	0	0	0
1.2	1	1.20416	0	0.750624	0
1.2	2	0.00448	0	0.051116	0
1.3	1	1.68	0	1.58118	0
1.3	2	0.0208	0	0.306656	0
1.4	1	1.68	0	2.43096	0
1.4	2	0.02912	0	0.664412	0
1.5	1	2.28	0	3.63728	0
1.5	2	0.04576	0	1.2266	0
1.6	1	3.6	0	5.70439	0
1.6	2	0.06656	0	2.04433	0
1.7	1	5.04	0	8.94774	0
1.7	2	0.0624	0	2.81095	0
1.8	1	4.92	0	12.4013	0
1.8	2	0.08736	0	3.88422	0
1.9	1	5.04	0	17.337	0
1.9	2	0.08736	0	4.95748	0
2	1	4.944	0	23.6811	0
2	2	0.0832	0	5.97964	0
2.1	1	5.01408	0	32.7935	0
2.1	2	0.104	0	7.25734	0
2.2	1	5.06208	0	41.9718	0
2.2	2	0.11232	0	8.63726	0
2.3	1	4.93504	0	51.0351	0
2.3	2	0.11648	0	10.0683	0
2.4	1	4.9872	0	60.2723	0
2.4	2	0.11232	0	11.4482	0
2.5	1	4.976	0	69.3573	0
2.5	2	0.11232	0	12.8281	0
2.6	1	4.976	0	78.4471	0
2.6	2	0.11232	0	14.208	0
2.7	1	5.06624	0	87.8755	0
2.7	2	0.11648	0	15.6391	0
2.8	1	4.976	0	96.9654	0
2.8	2	0.11232	0	17.019	0
2.9	1	4.93504	0	106.056	0
2.9	2	0.11232	0	18.3989	0
3	1	5.05504	0	115.315	0
3	2	0.11648	0	19.8299	0
3.1	1	5.02816	0	124.573	0
3.1	2	0.11232	0	21.2098	0
3.2	1	4.89408	0	133.665	0
3.2	2	0.11232	0	22.5897	0
3.3	1	4.976	0	142.755	0
3.3	2	0.11232	0	23.9697	0
3.4	1	5.05504	0	152.013	0
3.4	2	0.11232	0	25.3496	0
3.5	1	4.9872	0	161.273	0
3.5	2	0.11648	0	26.7806	0
3.6	1	4.976	0	170.363	0
3.6	2	0.11232	0	28.1605	0
3.7	1	4.976	0	179.453	0
3.7	2	0.11232	0	29.5404	0
3.8	1	5.06624	0	188.881	0
3.8	2	0.11648	0	30.9715	0
3.9	1	4.976	0	197.971	0
3.9	2	0.11232	0	32.3514	0
4	1	4.93504	0	207.062	0
4	2	0.11232	0	33.7313	0
4.1	1	5.05504	0	216.32	0
4.1	2	0.11232	0	35.1112	0
4.2	1	4.93504	0	225.41	0
4.2	2	0.11648	0	36.5422	0
4.3	1	4.9872	0	234.671	0
4.3	2	0.11232	0	37.9221	0
4.4	1	4.976	0	243.76	0
4.4	2	0.11232	0	39.3021	0
4.5	1	5.05504	0	253.018	0
4.5	2	0.11232	0	40.682	0
4.6	1	4.9872	0	262.279	0
4.6	2	0.11648	0	42.113	0
4.7	1	4.976	0	271.369	0
4.7	2	0.11232	0	43.4929	0
4.8	1	4.976	0	280.458	0
4.8	2	0.11232	0	44.8728	0
4.9	1	5.05504	0	289.718	0
4.9	2	0.11648	0	46.3039	0
5	1	4.9872	0	298.977	0
5	2	0.11232	0	47.6838	0
5.1	1	4.93504	0	308.067	0
5.1	2	0.11232	0	49.0637	0
5.2	1	5.05504	0	317.326	0
5.2	2	0.11232	0	50.4436	0
5.3	1	4.93504	0	326.416	0
5.3	2	0.11232	0	51.8235	0
5.4	1	4.9872	0	335.676	0
5.4	2	0.11648	0	53.2545	0
5.5	1	4.976	0	344.766	0
5.5	2	0.11232	0	54.6345	0
5.6	1	5.05504	0	354.024	0
5.6	2	0.11232	0	56.0144	0
5.7	1	4.9872	0	363.284	0
5.7	2	0.11648	0	57.4454	0
5.8	1	4.976	0	372.374	0
5.8	2	0.11232	0	58.8253	0
5.9	1	4.976	0	381.464	0
5.9	2	0.11232	0	60.2052	0
6	1	4.93504	0	390.555	0
6	2	0.11232	0	61.5851	0
6.1	1	5.01408	0	399.813	0
6.1	2	0.11648	0	63.0162	0
6.2	1	5.02816	0	409.073	0
6.2	2	0.11232	0	64.3961	0
6.3	1	4.93504	0	418.164	0
6.3	2	0.11232	0	65.776	0
6.4	1	5.05504	0	427.421	0
6.4	2	0.11232	0	67.1559	0
6.5	1	4.9872	0	436.682	0
6.5	2	0.11648	0	68.5869	0
6.6	1	4.976	0	445.772	0
6.6	2	0.11232	0	69.9669	0
6.7	1	4.93504	0	454.862	0
6.7	2	0.11232	0	71.3468	0
6.8	1	5.05504	0	464.121	0
6.8	2	0.11648	0	72.7778	0
6.9	1	5.02816	0	473.38	0
6.9	2	0.10816	0	74.1066	0
7	1	4.976	0	482.47	0
7	2	0.11648	0	75.5376	0
7.1	1	4.93504	0	491.56	0
7.1	2	0.11232	0	76.9175	0
7.2	1	5.01408	0	500.819	0
7.2	2	0.11232	0	78.2975	0
7.3	1	5.02816	0	510.079	0
7.3	2	0.11648	0	79.7285	0
7.4	1	4.93504	0	519.169	0
7.4	2	0.11232	0	81.1084	0
7.5	1	5.05504	0	528.427	0
7.5	2	0.11232	0	82.4883	0
7.6	1	4.9872	0	537.688	0
7.6	2	0.11648	0	83.9193	0
7.7	1	4.976	0	546.777	0
7.7	2	0.11232	0	85.2993	0
7.8	1	4.93504	0	555.868	0
7.8	2	0.11232	0	86.6792	0
7.9	1	5.05504	0	565.127	0
7.9	2	0.11232	0	88.0591	0
8	1	4.93504	0	574.217	0
8	2	0.11232	0	89.439	0
8.1	1	5.06912	0	583.475	0
8.1	2	0.11648	0	90.87	0
8.2	1	4.93504	0	592.566	0
8.2	2	0.11232	0	92.2499	0
8.3	1	5.01408	0	601.825	0
8.3	2	0.11232	0	93.6299	0
8.4	1	5.02816	0	611.084	0
8.4	2	0.11232	0	95.0098	0
8.5	1	4.93504	0	620.175	0
8.5	2	0.11648	0	96.4408	0
8.6	1	4.93504	0	629.266	0
8.6	2	0.11232	0	97.8207	0
8.7	1	5.096	0	638.524	0
8.7	2	0.11232	0	99.2006	0
8.8	1	4.9872	0	647.783	0
8.8	2	0.11648	0	100.632	0
8.9	1	4.93504	0	656.874	0
8.9	2	0.11232	0	102.012	0
9	1	5.05504	0	666.132	0
9	2	0.11232	0	103.391	0
9.1	1	4.93504	0	675.222	0
9.1	2	0.11232	0	104.771	0
9.2	1	4.976	0	684.312	0
9.2	2	0.11648	0	106.202	0
9.3	1	5.02816	0	693.572	0
9.3	2	0.11232	0	107.582	0
9.4	1	5.01408	0	702.83	0
9.4	2	0.11232	0	108.962	0
9.5	1	4.976	0	711.921	0
9.5	2	0.11232	0	110.342	0
9.6	1	4.9872	0	721.181	0
9.6	2	0.11648	0	111.773	0
9.7	1	4.93504	0	730.271	0
9.7	2	0.11232	0	113.153	0
9.8	1	4.976	0	739.361	0
9.8	2	0.11232	0	114.533	0
9.9	1	5.01408	0	748.62	0
9.9	2	0.11648	0	115.964	0
10	1	5.02816	0	757.879	0
10	2	0.11232	0	117.344	0
10.1	1	4.93504	0	766.97	0
10.1	2	0.11232	0	118.724	0
10.2	1	5.05504	0	776.228	0
10.2	2	0.11232	0	120.104	0
10.3	1	4.976	0	785.318	0
10.3	2	0.11648	0	121.535	0
10.4	1	5.02816	0	794.577	0
10.4	2	0.11232	0	122.915	0
10.5	1	4.89408	0	803.669	0
10.5	2	0.11232	0	124.295	0
10.6	1	5.096	0	812.927	0
10.6	2	0.11232	0	125.675	0
10.7	1	4.9872	0	822.186	0
10.7	2	0.11232	0	127.054	0
10.8	1	4.93504	0	831.277	0
10.8	2	0.11648	0	128.486	0
10.9	1	4.976	0	840.367	0
10.9	2	0.11232	0	129.865	0
11	1	5.01408	0	849.625	0
11	2	0.11232	0	131.245	0
11.1	1	5.02816	0	858.885	0
11.1	2	0.11648	0	132.676	0
11.2	1	4.93504	0	867.976	0
11.2	2	0.11232	0	134.056	0
11.3	1	5.05504	0	877.234	0
11.3	2	0.11232	0	135.436	0
11.4	1	4.976	0	886.323	0
11.4	2	0.11648	0	136.867	0
11.5	1	4.93504	0	895.414	0
11.5	2	0.11232	0	138.247	0
11.6	1	4.9872	0	904.675	0
11.6	2	0.11232	0	139.627	0
11.7	1	4.976	0	913.764	0
11.7	2	0.11232	0	141.007	0
11.8	1	5.01408	0	923.023	0
11.8	2	0.11232	0	142.387	0
11.9	1	5.02816	0	932.283	0
11.9	2	0.11648	0	143.818	0
12	1	4.976	0	941.373	0
12	2	0.11232	0	145.198	0
12.1	1	5.01408	0	950.631	0
12.1	2	0.11232	0	146.578	0
12.2	1	5.02816	0	959.891	0
12.2	2	0.11648	0	148.009	0
12.3	1	4.93504	0	968.981	0
12.3	2	0.11232	0	149.389	0
12.4	1	5.05504	0	978.239	0
12.4	2	0.11232	0	150.769	0
12.5	1	4.976	0	987.329	0
12.5	2	0.11232	0	152.149	0
12.6	1	4.93504	0	996.42	0
12.6	2	0.11648	0	153.58	0
12.7	1	4.9872	0	1005.68	0
12.7	2	0.11232	0	154.959	0
12.8	1	4.976	0	1014.77	0
12.8	2	0.11232	0	156.339	0
12.9	1	5.01408	0	1024.03	0
12.9	2	0.11232	0	157.719	0
13	1	5.02816	0	1033.29	0
13	2	0.11648	0	159.15	0
13.1	1	4.976	0	1042.38	0
13.1	2	0.11232	0	160.53	0
13.2	1	5.01408	0	1051.64	0
13.2	2	0.11232	0	161.91	0
13.3	1	4.976	0	1060.73	0
13.3	2	0.11648	0	163.341	0
13.4	1	4.9872	0	1069.99	0
13.4	2	0.11232	0	164.721	0
13.5	1	4.93504	0	1079.08	0
13.5	2	0.11232	0	166.101	0
13.6	1	4.976	0	1088.17	0
13.6	2	0.11232	0	167.481	0
13.7	1	5.05504	0	1097.43	0
13.7	2	0.11648	0	168.912	0
13.8	1	4.9872	0	1106.69	0
13.8	2	0.11232	0	170.292	0
13.9	1	4.976	0	1115.78	0
13.9	2	0.11232	0	171.672	0
14	1	5.01408	0	1125.03	0
14	2	0.11232	0	173.052	0
14.1	1	5.02816	0	1134.29	0
14.1	2	0.11648	0	174.483	0
14.2	1	4.976	0	1143.38	0
14.2	2	0.11232	0	175.863	0
14.3	1	5.01408	0	1152.64	0
14.3	2	0.11232	0	177.243	0
14.4	1	4.976	0	1161.73	0
14.4	2	0.11232	0	178.622	0
14.5	1	4.9872	0	1170.99	0
14.5	2	0.11648	0	180.053	0
14.6	1	4.93504	0	1180.08	0
14.6	2	0.11232	0	181.433	0
14.7	1	4.976	0	1189.17	0
14.7	2	0.11232	0	182.813	0
14.8	1	5.05504	0	1198.43	0
14.8	2	0.11648	0	184.244	0
14.9	1	4.9872	0	1207.69	0
14.9	2	0.11232	0	185.624	0
15	1	4.976	0	1216.78	0
15	2	0.11232	0	187.004	0
15.1	1	5.01408	0	1226.04	0
15.1	2	0.11232	0	188.384	0
15.2	1	4.976	0	1235.13	0
15.2	2	0.11648	0	189.815	0
15.3	1	5.02816	0	1244.39	0
15.3	2	0.11232	0	191.195	0
15.4	1	4.89408	0	1253.48	0
15.4	2	0.11232	0	192.575	0
15.5	1	4.976	0	1262.57	0
15.5	2	0.11232	0	193.955	0
15.6	1	5.1072	0	1272	0
15.6	2	0.11232	0	195.335	0
15.7	1	4.93504	0	1281.09	0
15.7	2	0.11648	0	196.766	0
15.8	1	4.976	0	1290.18	0
15.8	2	0.11232	0	198.146	0
15.9	1	5.05504	0	1299.44	0
15.9	2	0.11232	0	199.526	0
16	1	4.9872	0	1308.7	0
16	2	0.11648	0	200.957	0
16.1	1	4.976	0	1317.79	0
16.1	2	0.11232	0	202.337	0
16.2	1	5.01408	0	1327.05	0
16.2	2	0.11232	0	203.716	0
16.3	1	4.976	0	1336.14	0
16.3	2	0.11232	0	205.096	0
16.4	1	4.93504	0	1345.23	0
16.4	2	0.11648	0	206.527	0
16.5	1	4.9872	0	1354.49	0
16.5	2	0.11232	0	207.907	0
16.6	1	4.976	0	1363.58	0
16.6	2	0.11232	0	209.287	0
16.7	1	4.976	0	1372.67	0
16.7	2	0.11232	0	210.667	0
16.8	1	5.06624	0	1382.09	0
16.8	2	0.11648	0	212.098	0
16.9	1	4.976	0	1391.18	0
16.9	2	0.11232	0	213.478	0
17	1	4.93504	0	1400.28	0
17	2	0.11232	0	214.858	0
17.1	1	5.05504	0	1409.53	0
17.1	2	0.11648	0	216.289	0
17.2	1	5.02816	0	1418.79	0
17.2	2	0.11232	0	217.669	0
17.3	1	4.89408	0	1427.88	0
17.3	2	0.11232	0	219.049	0
17.4	1	5.096	0	1437.14	0
17.4	2	0.11232	0	220.429	0
17.5	1	4.93504	0	1446.23	0
17.5	2	0.11232	0	221.809	0
17.6	1	4.9872	0	1455.49	0
17.6	2	0.11648	0	223.24	0
17.7	1	4.976	0	1464.58	0
17.7	2	0.11232	0	224.62	0
17.8	1	4.976	0	1473.67	0
17.8	2	0.11232	0	226	0
17.9	1	5.06624	0	1483.1	0
17.9	2	0.11232	0	227.38	0
18	1	4.976	0	1492.19	0
18	2	0.11648	0	228.811	0
18.1	1	4.93504	0	1501.28	0
18.1	2	0.11232	0	230.19	0
18.2	1	5.05504	0	1510.54	0
18.2	2	0.11232	0	231.57	0
18.3	1	4.93504	0	1519.63	0
18.3	2	0.11648	0	233.001	0
18.4	1	4.9872	0	1528.89	0
18.4	2	0.11232	0	234.381	0
18.5	1	4.976	0	1537.98	0
18.5	2	0.11232	0	235.761	0
18.6	1	5.05504	0	1547.24	0
18.6	2	0.11232	0	237.141	0
18.7	1	4.9872	0	1556.5	0
18.7	2	0.11648	0	238.572	0
18.8	1	4.976	0	1565.59	0
18.8	2	0.11232	0	239.952	0
18.9	1	4.976	0	1574.68	0
18.9	2	0.11232	0	241.332	0
19	1	5.05504	0	1583.94	0
19	2	0.11232	0	242.712	0
19.1	1	4.9872	0	1593.2	0
19.1	2	0.11648	0	244.143	0
19.2	1	4.93504	0	1602.29	0
19.2	2	0.11232	0	245.523	0
19.3	1	5.05504	0	1611.55	0
19.3	2	0.11232	0	246.903	0
19.4	1	4.93504	0	1620.64	0
19.4	2	0.11232	0	248.283	0
19.5	1	4.9872	0	1629.9	0
19.5	2	0.11648	0	249.714	0
19.6	1	4.976	0	1638.99	0
19.6	2	0.11232	0	251.094	0
19.7	1	5.05504	0	1648.24	0
19.7	2	0.11232	0	252.474	0
19.8	1	4.9872	0	1657.5	0
19.8	2	0.11648	0	253.905	0
19.9	1	4.976	0	1666.59	0
19.9	2	0.11232	0	255.284	0
20	1	4.976	0	1675.68	0
20	2	0.11232	0	256.664	0
20.1	1	4.93504	0	1684.77	0
20.1	2	0.11232	0	258.044	0
20.2	1	5.01408	0	1694.03	0
20.2	2	0.11648	0	259.475	0
20.3	1	5.02816	0	1703.29	0
20.3	2	0.11232	0	260.855	0
20.4	1	4.93504	0	1712.38	0
20.4	2	0.11232	0	262.235	0
20.5	1	5.05504	0	1721.64	0
20.5	2	0.11232	0	263.615	0
20.6	1	4.9872	0	1730.9	0
20.6	2	0.11648	0	265.046	0
20.7	1	4.976	0	1739.99	0
20.7	2	0.11232	0	266.426	0
20.8	1	4.93504	0	1749.08	0
20.8	2	0.11232	0	267.806	0
20.9	1	5.05504	0	1758.34	0
20.9	2	0.11648	0	269.237	0
21	1	5.02816	0	1767.6	0
21	2	0.10816	0	270.566	0
21.1	1	4.976	0	1776.69	0
21.1	2	0.11648	0	271.997	0
21.2	1	4.93504	0	1785.78	0
21.2	2	0.11232	0	273.377	0
21.3	1	5.01408	0	1795.04	0
21.3	2	0.11232	0	274.757	0
21.4	1	5.02816	0	1804.3	0
21.4	2	0.11648	0	276.188	0
21.5	1	4.93504	0	1813.39	0
21.5	2	0.11232	0	277.568	0
21.6	1	5.05504	0	1822.65	0
21.6	2	0.11232	0	278.947	0
21.7	1	4.9872	0	1831.91	0
21.7	2	0.11648	0	280.378	0
21.8	1	4.976	0	1841	0
21.8	2	0.11232	0	281.758	0
21.9	1	4.93504	0	1850.09	0
21.9	2	0.11232	0	283.138	0
22	1	5.05504	0	1859.35	0
22	2	0.11648	0	284.569	0
22.1	1	4.93504	0	1868.44	0
22.1	2	0.10816	0	285.898	0
22.2	1	5.06912	0	1877.69	0
22.2	2	0.11648	0	287.329	0
22.3	1	4.93504	0	1886.79	0
22.3	2	0.11232	0	288.709	0
22.4	1	5.01408	0	1896.04	0
22.4	2	0.11232	0	290.089	0
22.5	1	5.02816	0	1905.3	0
22.5	2	0.11232	0	291.469	0
22.6	1	4.93504	0	1914.39	0
22.6	2	0.11648	0	292.9	0
22.7	1	4.93504	0	1923.48	0
22.7	2	0.11232	0	294.28	0
22.8	1	5.1072	0	1932.91	0
22.8	2	0.11232	0	295.66	0
22.9	1	4.976	0	1942	0
22.9	2	0.11648	0	297.091	0
23	1	4.93504	0	1951.09	0
23	2	0.11232	0	298.471	0
23.1	1	5.05504	0	1960.35	0
23.1	2	0.11232	0	299.851	0
23.2	1	4.93504	0	1969.44	0
23.2	2	0.11232	0	301.231	0
23.3	1	4.976	0	1978.53	0
23.3	2	0.11648	0	302.662	0
23.4	1	5.02816	0	1987.79	0
23.4	2	0.11232	0	304.041	0
23.5	1	5.01408	0	1997.05	0
23.5	2	0.11232	0	305.421	0
23.6	1	4.976	0	2006.14	0
23.6	2	0.11232	0	306.801	0
23.7	1	4.9872	0	2015.4	0
23.7	2	0.11648	0	308.232	0
23.8	1	4.93504	0	2024.49	0
23.8	2	0.11232	0	309.612	0
23.9	1	4.976	0	2033.58	0
23.9	2	0.11232	0	310.992	0
24	1	5.01408	0	2042.84	0
24	2	0.11648	0	312.423	0
24.1	1	5.02816	0	2052.1	0
24.1	2	0.11232	0	313.803	0
24.2	1	4.93504	0	2061.19	0
24.2	2	0.11232	0	315.183	0
24.3	1	5.05504	0	2070.45	0
24.3	2	0.11232	0	316.563	0
24.4	1	4.976	0	2079.54	0
24.4	2	0.11648	0	317.994	0
24.5	1	5.02816	0	2088.8	0
24.5	2	0.11232	0	319.374	0
24.6	1	5.01408	0	2098.06	0
24.6	2	0.11232	0	320.754	0
24.7	1	4.976	0	2107.15	0
24.7	2	0.11232	0	322.134	0
24.8	1	4.9872	0	2116.41	0
24.8	2	0.11648	0	323.565	0
24.9	1	4.93504	0	2125.5	0
24.9	2	0.11232	0	324.945	0
25	1	4.976	0	2134.59	0
25	2	0.11232	0	326.325	0
25.1	1	5.01408	0	2143.84	0
25.1	2	0.11232	0	327.705	0
25.2	1	5.02816	0	2153.1	0
25.2	2	0.11648	0	329.136	0
25.3	1	4.93504	0	2162.2	0
25.3	2	0.11232	0	330.515	0
25.4	1	5.05504	0	2171.45	0
25.4	2	0.11232	0	331.895	0
25.5	1	4.976	0	2180.54	0
25.5	2	0.11648	0	333.326	0
25.6	1	5.02816	0	2189.8	0
25.6	2	0.11232	0	334.706	0
25.7	1	4.89408	0	2198.89	0
25.7	2	0.11232	0	336.086	0
25.8	1	4.976	0	2207.98	0
25.8	2	0.11232	0	337.466	0
25.9	1	5.01408	0	2217.24	0
25.9	2	0.11232	0	338.846	0
26	1	5.02816	0	2226.5	0
26	2	0.11648	0	340.277	0
26.1	1	4.976	0	2235.59	0
26.1	2	0.11232	0	341.657	0
26.2	1	5.01408	0	2244.85	0
26.2	2	0.11232	0	343.037	0
26.3	1	5.02816	0	2254.11	0
26.3	2	0.11648	0	344.468	0
26.4	1	4.93504	0	2263.2	0
26.4	2	0.11232	0	345.848	0
26.5	1	5.05504	0	2272.46	0
26.5	2	0.11232	0	347.228	0
26.6	1	4.976	0	2281.55	0
26.6	2	0.11232	0	348.608	0
26.7	1	4.93504	0	2290.64	0
26.7	2	0.11648	0	350.039	0
26.8	1	4.9872	0	2299.9	0
26.8	2	0.11232	0	351.419	0
26.9	1	4.976	0	2308.99	0
26.9	2	0.11232	0	352.799	0
27	1	5.01408	0	2318.25	0
27	2	0.11232	0	354.178	0
27.1	1	5.02816	0	2327.51	0
27.1	2	0.11648	0	355.609	0
27.2	1	4.976	0	2336.6	0
27.2	2	0.11232	0	356.989	0
27.3	1	5.01408	0	2345.86	0
27.3	2	0.11232	0	358.369	0
27.4	1	4.976	0	2354.95	0
27.4	2	0.11648	0	359.8	0
27.5	1	4.9872	0	2364.21	0
27.5	2	0.11232	0	361.18	0
27.6	1	4.93504	0	2373.3	0
27.6	2	0.11232	0	362.56	0
27.7	1	4.976	0	2382.39	0
27.7	2	0.11232	0	363.94	0
27.8	1	5.05504	0	2391.64	0
27.8	2	0.11232	0	365.32	0
27.9	1	4.9872	0	2400.91	0
27.9	2	0.11648	0	366.751	0
28	1	4.976	0	2410	0
28	2	0.11232	0	368.131	0
28.1	1	5.01408	0	2419.25	0
28.1	2	0.11232	0	369.511	0
28.2	1	5.02816	0	2428.51	0
28.2	2	0.11648	0	370.942	0
28.3	1	4.976	0	2437.6	0
28.3	2	0.11232	0	372.322	0
28.4	1	5.01408	0	2446.86	0
28.4	2	0.11232	0	373.702	0
28.5	1	4.976	0	2455.95	0
28.5	2	0.11232	0	375.082	0
28.6	1	4.9872	0	2465.21	0
28.6	2	0.11648	0	376.513	0
28.7	1	4.93504	0	2474.3	0
28.7	2	0.11232	0	377.893	0
28.8	1	4.976	0	2483.39	0
28.8	2	0.11232	0	379.272	0
28.9	1	5.05504	0	2492.65	0
28.9	2	0.11232	0	380.652	0
29	1	4.9872	0	2501.91	0
29	2	0.11648	0	382.083	0
29.1	1	4.976	0	2511	0
29.1	2	0.11232	0	383.463	0
29.2	1	5.01408	0	2520.26	0
29.2	2	0.11232	0	384.843	0
29.3	1	5.01696	0	2529.35	0
29.3	2	0.11648	0	386.274	0
29.4	1	4.9872	0	2538.61	0
29.4	2	0.11232	0	387.654	0
29.5	1	4.89408	0	2547.7	0
29.5	2	0.11232	0	389.034	0
29.6	1	5.096	0	2556.96	0
29.6	2	0.11232	0	390.414	0
29.7	1	4.9872	0	2566.22	0
29.7	2	0.11232	0	391.794	0
29.8	1	4.93504	0	2575.31	0
29.8	2	0.11648	0	393.225	0
29.9	1	4.976	0	2584.4	0
29.9	2	0.11232	0	394.605	0
30	1	5.05504	0	2593.66	0
30	2	0.11232	0	395.985	0
30.1	1	4.9872	0	2602.92	0
30.1	2	0.11648	0	397.416	0
30.2	1	4.976	0	2612.01	0
30.2	2	0.11232	0	398.796	0
30.3	1	5.01408	0	2621.26	0
30.3	2	0.11232	0	400.176	0
30.4	1	4.89696	0	2630.19	0
30.4	2	0.11232	0	401.556	0
30.5	1	5.01408	0	2639.45	0
30.5	2	0.11648	0	402.987	0
30.6	1	4.9872	0	2648.71	0
30.6	2	0.11232	0	404.367	0
30.7	1	4.976	0	2657.8	0
30.7	2	0.11232	0	405.746	0
30.8	1	4.976	0	2666.89	0
30.8	2	0.11232	0	407.126	0
30.9	1	5.06624	0	2676.31	0
30.9	2	0.11648	0	408.557	0
31	1	4.976	0	2685.4	0
31	2	0.11232	0	409.937	0
31.1	1	4.93504	0	2694.49	0
31.1	2	0.11232	0	411.317	0
31.2	1	5.05504	0	2703.75	0
31.2	2	0.11648	0	412.748	0
31.3	1	5.02816	0	2713.01	0
31.3	2	0.11232	0	414.128	0
31.4	1	4.89408	0	2722.1	0
31.4	2	0.11232	0	415.508	0
31.5	1	5.01696	0	2731.19	0
31.5	2	0.11232	0	416.888	0
31.6	1	5.01408	0	2740.45	0
31.6	2	0.11232	0	418.268	0
31.7	1	4.9872	0	2749.71	0
31.7	2	0.11648	0	419.699	0
31.8	1	4.976	0	2758.8	0
31.8	2	0.11232	0	421.079	0
31.9	1	4.976	0	2767.89	0
31.9	2	0.11232	0	422.459	0
32	1	5.06624	0	2777.32	0
32	2	0.11648	0	423.89	0
32.1	1	4.976	0	2786.41	0
32.1	2	0.11232	0	425.27	0
32.2	1	4.93504	0	2795.5	0
32.2	2	0.11232	0	426.65	0
32.3	1	5.05504	0	2804.76	0
32.3	2	0.11232	0	428.03	0
32.4	1	4.93504	0	2813.85	0
32.4	2	0.11648	0	429.461	0
32.5	1	4.9872	0	2823.11	0
32.5	2	0.11232	0	430.84	0
32.6	1	5.01696	0	2832.2	0
32.6	2	0.11232	0	432.22	0
32.7	1	5.01408	0	2841.46	0
32.7	2	0.11232	0	433.6	0
32.8	1	4.9872	0	2850.72	0
32.8	2	0.11232	0	434.98	0
32.9	1	4.976	0	2859.81	0
32.9	2	0.11648	0	436.411	0
33	1	4.976	0	2868.9	0
33	2	0.11232	0	437.791	0
33.1	1	5.05504	0	2878.16	0
33.1	2	0.11232	0	439.171	0
33.2	1	4.9872	0	2887.42	0
33.2	2	0.11648	0	440.602	0
33.3	1	4.93504	0	2896.51	0
33.3	2	0.11232	0	441.982	0
33.4	1	5.05504	0	2905.76	0
33.4	2	0.11232	0	443.362	0
33.5	1	4.93504	0	2914.85	0
33.5	2	0.11232	0	444.742	0
33.6	1	4.9872	0	2924.11	0
33.6	2	0.11648	0	446.173	0
33.7	1	5.01696	0	2933.2	0
33.7	2	0.11232	0	447.553	0
33.8	1	5.01408	0	2942.46	0
33.8	2	0.11232	0	448.933	0
33.9	1	4.9872	0	2951.72	0
33.9	2	0.11232	0	450.313	0
34	1	4.976	0	2960.81	0
34	2	0.11648	0	451.744	0
34.1	1	4.976	0	2969.9	0
34.1	2	0.11232	0	453.124	0
34.2	1	4.93504	0	2978.99	0
34.2	2	0.11232	0	454.503	0
34.3	1	5.01408	0	2988.25	0
34.3	2	0.11648	0	455.934	0
34.4	1	5.02816	0	2997.51	0
34.4	2	0.11232	0	457.314	0
34.5	1	4.93504	0	3006.6	0
34.5	2	0.11232	0	458.694	0
34.6	1	5.05504	0	3015.86	0
34.6	2	0.11232	0	460.074	0
34.7	1	4.9872	0	3025.12	0
34.7	2	0.11648	0	461.505	0
34.8	1	5.01696	0	3034.21	0
34.8	2	0.11232	0	462.885	0
34.9	1	4.89408	0	3043.3	0
34.9	2	0.11232	0	464.265	0
35	1	5.1072	0	3052.73	0
35	2	0.11232	0	465.645	0
35.1	1	4.976	0	3061.82	0
35.1	2	0.11232	0	467.025	0
35.2	1	4.976	0	3070.91	0
35.2	2	0.11648	0	468.456	0
35.3	1	4.93504	0	3080	0
35.3	2	0.11232	0	469.836	0
35.4	1	5.01408	0	3089.26	0
35.4	2	0.11232	0	471.216	0
35.5	1	5.02816	0	3098.52	0
35.5	2	0.11648	0	472.647	0
35.6	1	4.93504	0	3107.61	0
35.6	2	0.11232	0	474.027	0
35.7	1	5.05504	0	3116.87	0
35.7	2	0.11232	0	475.407	0
35.8	1	4.9872	0	3126.13	0
35.8	2	0.11648	0	476.838	0
35.9	1	4.92384	0	3135.05	0
35.9	2	0.11232	0	478.218	0
36	1	4.9872	0	3144.31	0
36	2	0.11232	0	479.597	0
36.1	1	5.05504	0	3153.57	0
36.1	2	0.11232	0	480.977	0
36.2	1	4.93504	0	3162.66	0
36.2	2	0.11232	0	482.357	0
36.3	1	5.06912	0	3171.91	0
36.3	2	0.11648	0	483.788	0
36.4	1	4.93504	0	3181	0
36.4	2	0.11232	0	485.168	0
36.5	1	5.01408	0	3190.26	0
36.5	2	0.11232	0	486.548	0
36.6	1	5.02816	0	3199.52	0
36.6	2	0.11648	0	487.979	0
36.7	1	4.93504	0	3208.61	0
36.7	2	0.11232	0	489.359	0
36.8	1	5.05504	0	3217.87	0
36.8	2	0.11232	0	490.739	0
36.9	1	4.9872	0	3227.13	0
36.9	2	0.11232	0	492.119	0
37	1	4.92384	0	3236.05	0
37	2	0.11648	0	493.55	0
37.1	1	4.9872	0	3245.31	0
37.1	2	0.11232	0	494.93	0
37.2	1	5.05504	0	3254.57	0
37.2	2	0.11232	0	496.31	0
37.3	1	4.93504	0	3263.66	0
37.3	2	0.11232	0	497.69	0
37.4	1	4.976	0	3272.75	0
37.4	2	0.11648	0	499.121	0
37.5	1	5.02816	0	3282.01	0
37.5	2	0.11232	0	500.501	0
37.6	1	5.01408	0	3291.27	0
37.6	2	0.11232	0	501.881	0
37.7	1	4.976	0	3300.36	0
37.7	2	0.11648	0	503.312	0
37.8	1	4.9872	0	3309.62	0
37.8	2	0.11232	0	504.692	0
37.9	1	4.93504	0	3318.71	0
37.9	2	0.11232	0	506.071	0
38	1	4.976	0	3327.8	0
38	2	0.11232	0	507.451	0
38.1	1	5.05504	0	3337.06	0
38.1	2	0.11648	0	508.882	0
38.2	1	4.9872	0	3346.32	0
38.2	2	0.11232	0	510.262	0
38.3	1	4.93504	0	3355.41	0
38.3	2	0.11232	0	511.642	0
38.4	1	5.05504	0	3364.67	0
38.4	2	0.11232	0	513.022	0
38.5	1	4.976	0	3373.76	0
38.5	2	0.11648	0	514.453	0
38.6	1	5.02816	0	3383.02	0
38.6	2	0.11232	0	515.833	0
38.7	1	5.01408	0	3392.27	0
38.7	2	0.11232	0	517.213	0
38.8	1	4.976	0	3401.37	0
38.8	2	0.11232	0	518.593	0
38.9	1	4.9872	0	3410.62	0
38.9	2	0.11648	0	520.024	0
39	1	4.93504	0	3419.72	0
39	2	0.11232	0	521.404	0
39.1	1	4.976	0	3428.81	0
39.1	2	0.11232	0	522.784	0
39.2	1	5.05504	0	3438.06	0
39.2	2	0.11648	0	524.215	0
39.3	1	4.9872	0	3447.32	0
39.3	2	0.11232	0	525.595	0
39.4	1	4.93504	0	3456.41	0
39.4	2	0.11232	0	526.975	0
39.5	1	5.05504	0	3465.67	0
39.5	2	0.11232	0	528.355	0
39.6	1	4.976	0	3474.76	0
39.6	2	0.11648	0	529.786	0
39.7	1	5.02816	0	3484.02	0
39.7	2	0.11232	0	531.165	0
39.8	1	4.89408	0	3493.11	0
39.8	2	0.11232	0	532.545	0
39.9	1	4.976	0	3502.2	0
39.9	2	0.11232	0	533.925	0
40	1	5.1072	0	3511.63	0
40	2	0.11232	0	535.305	0
40.1	1	4.93504	0	3520.72	0
40.1	2	0.11648	0	536.736	0
40.2	1	4.976	0	3529.81	0
40.2	2	0.11232	0	538.116	0
40.3	1	5.05504	0	3539.07	0
40.3	2	0.11232	0	539.496	0
40.4	1	4.9872	0	3548.33	0
40.4	2	0.11648	0	540.927	0
40.5	1	4.93504	0	3557.42	0
40.5	2	0.11232	0	542.307	0
40.6	1	5.05504	0	3566.68	0
40.6	2	0.11232	0	543.687	0
40.7	1	4.976	0	3575.77	0
40.7	2	0.11232	0	545.067	0
40.8	1	4.93504	0	3584.86	0
40.8	2	0.11648	0	546.498	0
40.9	1	4.9872	0	3594.12	0
40.9	2	0.11232	0	547.878	0
41	1	4.976	0	3603.21	0
41	2	0.11232	0	549.258	0
41.1	1	5.01408	0	3612.47	0
41.1	2	0.11232	0	550.638	0
41.2	1	5.02816	0	3621.73	0
41.2	2	0.11648	0	552.069	0
41.3	1	4.976	0	3630.82	0
41.3	2	0.11232	0	553.449	0
41.4	1	4.93504	0	3639.91	0
41.4	2	0.11232	0	554.828	0
41.5	1	5.05504	0	3649.17	0
41.5	2	0.11648	0	556.259	0
41.6	1	4.9872	0	3658.43	0
41.6	2	0.11232	0	557.639	0
41.7	1	4.93504	0	3667.52	0
41.7	2	0.11232	0	559.019	0
41.8	1	5.096	0	3676.77	0
41.8	2	0.11232	0	560.399	0
41.9	1	4.93504	0	3685.86	0
41.9	2	0.11232	0	561.779	0
42	1	4.9872	0	3695.12	0
42	2	0.11648	0	563.21	0
42.1	1	4.976	0	3704.21	0
42.1	2	0.11232	0	564.59	0
42.2	1	5.01408	0	3713.47	0
42.2	2	0.11232	0	565.97	0
42.3	1	5.02816	0	3722.73	0
42.3	2	0.11648	0	567.401	0
42.4	1	4.976	0	3731.82	0
42.4	2	0.11232	0	568.781	0
42.5	1	4.93504	0	3740.91	0
42.5	2	0.11232	0	570.161	0
42.6	1	5.05504	0	3750.17	0
42.6	2	0.11232	0	571.541	0
42.7	1	4.9872	0	3759.43	0
42.7	2	0.11648	0	572.972	0
42.8	1	4.93504	0	3768.52	0
42.8	2	0.11232	0	574.352	0
42.9	1	4.976	0	3777.61	0
42.9	2	0.11232	0	575.732	0
43	1	5.05504	0	3786.87	0
43	2	0.11232	0	577.112	0
43.1	1	4.9872	0	3796.13	0
43.1	2	0.11648	0	578.543	0
43.2	1	4.976	0	3805.22	0
43.2	2	0.11232	0	579.922	0
43.3	1	5.01408	0	3814.48	0
43.3	2	0.11232	0	581.302	0
43.4	1	5.01696	0	3823.57	0
43.4	2	0.11648	0	582.733	0
43.5	1	4.9872	0	3832.83	0
43.5	2	0.11232	0	584.113	0
43.6	1	4.93504	0	3841.92	0
43.6	2	0.11232	0	585.493	0
43.7	1	5.05504	0	3851.18	0
43.7	2	0.11232	0	586.873	0
43.8	1	4.9872	0	3860.44	0
43.8	2	0.11232	0	588.253	0
43.9	1	4.93504	0	3869.53	0
43.9	2	0.11648	0	589.684	0
44	1	4.976	0	3878.62	0
44	2	0.11232	0	591.064	0
44.1	1	5.05504	0	3887.88	0
44.1	2	0.11232	0	592.444	0
44.2	1	4.9872	0	3897.14	0
44.2	2	0.11648	0	593.875	0
44.3	1	4.976	0	3906.23	0
44.3	2	0.11232	0	595.255	0
44.4	1	5.01408	0	3915.48	0
44.4	2	0.11232	0	596.635	0
44.5	1	4.89696	0	3924.41	0
44.5	2	0.11232	0	598.015	0
44.6	1	5.01408	0	3933.66	0
44.6	2	0.11648	0	599.446	0
44.7	1	5.02816	0	3942.92	0
44.7	2	0.11232	0	600.826	0
44.8	1	4.93504	0	3952.02	0
44.8	2	0.11232	0	602.206	0
44.9	1	4.976	0	3961.1	0
44.9	2	0.11232	0	603.585	0
45	1	5.06624	0	3970.53	0
45	2	0.11648	0	605.017	0
45.1	1	4.976	0	3979.62	0
45.1	2	0.11232	0	606.396	0
45.2	1	4.93504	0	3988.71	0
45.2	2	0.11232	0	607.776	0
45.3	1	5.05504	0	3997.97	0
45.3	2	0.11648	0	609.207	0
45.4	1	5.02816	0	4007.23	0
45.4	2	0.11232	0	610.587	0
45.5	1	4.89408	0	4016.32	0
45.5	2	0.11232	0	611.967	0
45.6	1	5.01696	0	4025.41	0
45.6	2	0.11232	0	613.347	0
45.7	1	5.01408	0	4034.67	0
45.7	2	0.11232	0	614.727	0
45.8	1	5.02816	0	4043.93	0
45.8	2	0.11648	0	616.158	0
45.9	1	4.93504	0	4053.02	0
45.9	2	0.11232	0	617.538	0
46	1	4.976	0	4062.11	0
46	2	0.11232	0	618.918	0
46.1	1	5.06624	0	4071.54	0
46.1	2	0.11648	0	620.349	0
46.2	1	4.976	0	4080.63	0
46.2	2	0.11232	0	621.729	0
46.3	1	4.93504	0	4089.72	0
46.3	2	0.11232	0	623.109	0
46.4	1	5.05504	0	4098.98	0
46.4	2	0.11648	0	624.54	0
46.5	1	4.93504	0	4108.07	0
46.5	2	0.11232	0	625.92	0
46.6	1	4.9872	0	4117.33	0
46.6	2	0.11232	0	627.3	0
46.7	1	5.01696	0	4126.42	0
46.7	2	0.11232	0	628.68	0
46.8	1	5.01408	0	4135.68	0
46.8	2	0.11232	0	630.059	0
46.9	1	5.02816	0	4144.94	0
46.9	2	0.11232	0	631.439	0
47	1	4.93504	0	4154.03	0
47	2	0.11648	0	632.87	0
47.1	1	4.976	0	4163.12	0
47.1	2	0.11232	0	634.25	0
47.2	1	5.06624	0	4172.54	0
47.2	2	0.11232	0	635.63	0
47.3	1	4.976	0	4181.63	0
47.3	2	0.11648	0	637.061	0
47.4	1	4.93504	0	4190.73	0
47.4	2	0.11232	0	638.441	0
47.5	1	5.05504	0	4199.98	0
47.5	2	0.11232	0	639.821	0
47.6	1	4.93504	0	4209.07	0
47.6	2	0.11232	0	641.201	0
47.7	1	4.9872	0	4218.33	0
47.7	2	0.11648	0	642.632	0
47.8	1	5.01696	0	4227.42	0
47.8	2	0.11232	0	644.012	0
47.9	1	5.01408	0	4236.68	0
47.9	2	0.11232	0	645.392	0
48	1	4.976	0	4245.77	0
48	2	0.11232	0	646.772	0
48.1	1	4.9872	0	4255.03	0
48.1	2	0.11648	0	648.203	0
48.2	1	4.976	0	4264.12	0
48.2	2	0.11232	0	649.583	0
48.3	1	4.93504	0	4273.21	0
48.3	2	0.11232	0	650.963	0
48.4	1	5.01408	0	4282.47	0
48.4	2	0.11648	0	652.394	0
48.5	1	5.02816	0	4291.73	0
48.5	2	0.11232	0	653.774	0
48.6	1	4.93504	0	4300.82	0
48.6	2	0.11232	0	655.153	0
48.7	1	5.05504	0	4310.08	0
48.7	2	0.11232	0	656.533	0
48.8	1	4.9872	0	4319.34	0
48.8	2	0.11648	0	657.964	0
48.9	1	5.01696	0	4328.43	0
48.9	2	0.11232	0	659.344	0
49	1	5.01408	0	4337.69	0
49	2	0.11232	0	660.724	0
49.1	1	4.976	0	4346.78	0
49.1	2	0.11232	0	662.104	0
49.2	1	4.9872	0	4356.04	0
49.2	2	0.11648	0	663.535	0
49.3	1	4.976	0	4365.13	0
49.3	2	0.11232	0	664.915	0
49.4	1	4.93504	0	4374.22	0
49.4	2	0.11232	0	666.295	0
49.5	1	5.01408	0	4383.48	0
49.5	2	0.11232	0	667.675	0
49.6	1	5.02816	0	4392.74	0
49.6	2	0.11648	0	669.106	0
49.7	1	4.93504	0	4401.83	0
49.7	2	0.11232	0	670.486	0
49.8	1	5.05504	0	4411.09	0
49.8	2	0.11232	0	671.866	0
49.9	1	4.9872	0	4420.35	0
49.9	2	0.11648	0	673.297	0
