1.1	1	0.00448	0	0.0510541	0
1.1	2	0	0	0	0
1.2	1	1.20416	0	0.662387	0
1.2	2	0.00448	0	0.0510541	0
1.3	1	1.68	0	1.42085	0
1.3	2	0.0208	0	0.306306	0
1.4	1	2.52	0	2.58858	0
1.4	2	0.02912	0	0.663659	0
1.5	1	3.96	0	4.47645	0
1.5	2	0.04576	0	1.22521	0
1.6	1	4.68	0	6.73881	0
1.6	2	0.06656	0	2.04202	0
1.7	1	5.28	0	9.32967	0
1.7	2	0.09984	0	3.26723	0
1.8	1	8.04	0	13.5167	0
1.8	2	0.14976	0	5.10504	0
1.9	1	10.32	0	20.0713	0
1.9	2	0.21216	0	7.70861	0
2	1	10.3414	0	26.0929	0
2	2	0.23712	0	10.6185	0
2	3	0	0	0	0
2.1	1	10.3754	0	32.076	0
2.1	2	0.23712	0	13.5284	0
2.1	3	0.00448	0	0.0522715	0
2.1	4	0	0	0	0
2.2	1	10.3075	0	38.091	0
2.2	2	0.23296	0	16.3872	0
2.2	3	1.20416	0	0.679527	0
2.2	4	0.00448	0	0.0510541	0
2.3	1	10.4685	0	44.1294	0
2.3	2	0.23712	0	19.2971	0
2.3	3	1.68	0	1.44629	0
2.3	4	0.0208	0	0.306306	0
2.4	1	10.3866	0	50.183	0
2.4	2	0.23296	0	22.1559	0
2.4	3	2.52	0	2.62708	0
2.4	4	0.02912	0	0.663659	0
2.5	1	10.8538	0	56.4723	0
2.5	2	0.23712	0	25.0658	0
2.5	3	3.96	0	4.53547	0
2.5	4	0.04576	0	1.22521	0
2.6	1	10.3866	0	62.4922	0
2.6	2	0.23712	0	27.9756	0
2.6	3	3.96	0	6.42334	0
2.6	4	0.06656	0	2.04202	0
2.7	1	10.985	0	69.8124	0
2.7	2	0.208	0	30.5281	0
2.7	3	4.08	0	8.58735	0
2.7	4	0.09984	0	3.26723	0
2.8	1	8.57184	0	77.231	0
2.8	2	0.1456	0	32.3149	0
2.8	3	6.36	0	12.4734	0
2.8	4	0.14976	0	5.10504	0
2.9	1	4.2576	0	81.2073	0
2.9	2	0.2288	0	35.1227	0
2.9	3	10.7885	0	21.8107	0
2.9	4	0.08736	0	6.1771	0
3	1	9.14048	0	90.7473	0
3	2	0.20384	0	37.6241	0
3	3	5.79168	0	27.679	0
3	4	0.1248	0	7.70861	0
3.1	1	8.57184	0	99.3817	0
3.1	2	0.104	0	38.9004	0
3.1	3	6.39424	0	34.4436	0
3.1	4	0.24128	0	10.6695	0
3.2	1	6.27424	0	105.81	0
3.2	2	0.19136	0	41.2487	0
3.2	3	8.744	0	43.6578	0
3.2	4	0.14976	0	12.5074	0
3.3	1	7.85344	0	114.432	0
3.3	2	0.17888	0	43.4439	0
3.3	3	7.0448	1	50.6391	0
3.3	4	0.15808	0	14.4473	0
3.4	1	7.55008	1	121.909	0
3.4	2	0.17056	0	45.537	0
3.4	3	7.49504	1	58.7798	0
3.4	4	0.17056	0	16.5403	0
3.5	1	7.49504	0	129.657	0
3.5	2	0.17056	0	47.63	0
3.5	3	7.48224	0	66.439	0
3.5	4	0.3344	0	20.1654	0
3.6	1	8.63008	0	137.013	0
3.6	2	0.43616	0	52.2763	0
3.6	3	4.5792	0	69.8295	0
3.6	4	0.3488	0	23.6376	0
3.7	1	6.13824	0	140.018	0
3.7	2	0.23008	0	54.8801	0
3.7	3	0.97824	0	70.3002	0
3.7	4	0.10688	0	24.8629	0
3.8	1	4.56	0	142.427	0
3.8	2	0.14144	0	56.6158	0
3.8	3	5.04	0	74.0163	0
3.8	4	0.08736	0	25.9349	0
3.9	1	4.44	0	144.384	0
3.9	2	0.08736	0	57.6878	0
3.9	3	5.04	0	76.234	0
3.9	4	0.08736	0	27.007	0
4	1	4.68	0	146.464	0
4	2	0.09152	0	58.8109	0
4	3	5.16	0	78.5626	0
4	4	0.07488	0	27.9259	0
4.1	1	4.68	0	148.523	0
4.1	2	0.09152	0	59.9341	0
4.1	3	5.28	0	80.9211	0
4.1	4	0.07904	0	28.8958	0
4.2	1	4.68	0	150.602	0
4.2	2	0.09152	0	61.0572	0
4.2	3	5.4	0	83.3537	0
4.2	4	0.07904	0	29.8658	0
4.3	1	4.92	0	152.768	0
4.3	2	0.09152	0	62.1803	0
4.3	3	5.28	0	85.677	0
4.3	4	0.0832	0	30.8868	0
4.4	1	5.4	0	155.161	0
4.4	2	0.09568	0	63.3544	0
4.4	3	5.4	0	88.0703	0
4.4	4	0.0832	0	31.9078	0
4.5	1	5.52	0	157.59	0
4.5	2	0.09568	0	64.5286	0
4.5	3	5.52	0	90.5361	0
4.5	4	0.0832	0	32.9288	0
4.6	1	5.64	0	160.087	0
4.6	2	0.09568	0	65.7027	0
4.6	3	5.64	0	93.0711	0
4.6	4	0.0832	0	33.9498	0
4.7	1	5.52	0	162.516	0
4.7	2	0.09568	0	66.8769	0
4.7	3	5.52	0	95.5	0
4.7	4	0.08736	0	35.0219	0
4.8	1	5.64	0	165.01	0
4.8	2	0.08736	0	67.949	0
4.8	3	5.64	0	97.9941	0
4.8	4	0.09568	0	36.196	0
4.9	1	5.76	0	167.545	0
4.9	2	0.08736	0	69.021	0
4.9	3	5.76	0	100.567	0
4.9	4	0.09984	0	37.4213	0
5	1	5.88	0	170.141	0
5	2	0.08736	0	70.0931	0
5	3	5.52	0	103.039	0
5	4	0.09984	0	38.6465	0
5.1	1	5.76	0	172.676	0
5.1	2	0.09152	0	71.2162	0
5.1	3	5.28	0	105.367	0
5.1	4	0.09984	0	39.8717	0
5.2	1	5.88	0	175.269	0
5.2	2	0.09152	0	72.3393	0
5.2	3	5.16	0	107.638	0
5.2	4	0.09984	0	41.0969	0
5.3	1	6	0	177.909	0
5.3	2	0.09152	0	73.4624	0
5.3	3	5.28	0	109.992	0
5.3	4	0.104	0	42.3731	0
5.4	1	6.12	0	180.605	0
5.4	2	0.09568	0	74.6366	0
5.4	3	5.28	0	112.351	0
5.4	4	0.104	0	43.6494	0
5.5	1	6	0	183.245	0
5.5	2	0.09568	0	75.8107	0
5.5	3	5.52	0	114.804	0
5.5	4	0.104	0	44.9257	0
5.6	1	6	0	185.885	0
5.6	2	0.09568	0	76.9849	0
5.6	3	5.4	0	117.179	0
5.6	4	0.104	0	46.2019	0
5.7	1	6.12	0	188.618	0
5.7	2	0.09568	0	78.159	0
5.7	3	5.52	0	119.616	0
5.7	4	0.104	0	47.4782	0
5.8	1	6.24	0	191.364	0
5.8	2	0.10816	0	79.4864	0
5.8	3	5.52	0	122.082	0
5.8	4	0.10816	0	48.8055	0
5.9	1	6.24	0	194.146	0
5.9	2	0.10816	0	80.8137	0
5.9	3	5.52	0	124.548	0
5.9	4	0.10816	0	50.1328	0
6	1	5.76	0	196.682	0
6	2	0.10816	0	82.141	0
6	3	6.36	0	127.427	0
6	4	0.10816	0	51.4601	0
6.1	1	5.76	0	199.242	0
6.1	2	0.10816	0	83.4683	0
6.1	3	6.24	0	130.172	0
6.1	4	0.10816	0	52.7874	0
6.2	1	5.76	0	201.784	0
6.2	2	0.11232	0	84.8466	0
6.2	3	6.36	0	133.004	0
6.2	4	0.10816	0	54.1147	0
6.3	1	5.88	0	204.384	0
6.3	2	0.11232	0	86.225	0
6.3	3	6.48	0	135.899	0
6.3	4	0.09568	0	55.2889	0
6.4	1	6	0	207.042	0
6.4	2	0.11232	0	87.6034	0
6.4	3	6.6	0	138.877	0
6.4	4	0.09984	0	56.5141	0
6.5	1	5.88	0	209.63	0
6.5	2	0.11232	0	88.9817	0
6.5	3	6.48	0	141.728	0
6.5	4	0.104	0	57.7904	0
6.6	1	6.12	0	212.348	0
6.6	2	0.11648	0	90.4111	0
6.6	3	6.6	0	144.659	0
6.6	4	0.104	0	59.0666	0
6.7	1	6.12	0	215.042	0
6.7	2	0.11648	0	91.8406	0
6.7	3	6.72	0	147.661	0
6.7	4	0.104	0	60.3429	0
6.8	1	6.24	0	217.811	0
6.8	2	0.11648	0	93.27	0
6.8	3	6.84	0	150.74	0
6.8	4	0.104	0	61.6191	0
6.9	1	6.12	0	220.504	0
6.9	2	0.11648	0	94.6994	0
6.9	3	6.72	0	153.697	0
6.9	4	0.10816	0	62.9465	0
7	1	6.36	0	223.323	0
7	2	0.12064	0	96.1798	0
7	3	6.84	0	156.727	0
7	4	0.104	0	64.2227	0
7.1	1	6.96	0	226.385	0
7.1	2	0.12064	0	97.6603	0
7.1	3	6.96	0	159.836	0
7.1	4	0.10816	0	65.55	0
7.2	1	7.08	0	229.518	0
7.2	2	0.11648	0	99.0897	0
7.2	3	7.08	0	163.016	0
7.2	4	0.11648	0	66.9794	0
7.3	1	6.96	0	232.581	0
7.3	2	0.10816	0	100.417	0
7.3	3	6.6	0	165.92	0
7.3	4	0.12064	0	68.4599	0
7.4	1	7.08	0	235.708	0
7.4	2	0.11232	0	101.795	0
7.4	3	6.48	0	168.778	0
7.4	4	0.12064	0	69.9404	0
7.5	1	7.2	0	238.876	0
7.5	2	0.11648	0	103.225	0
7.5	3	6.36	0	171.618	0
7.5	4	0.1248	0	71.4719	0
7.6	1	7.32	0	242.107	0
7.6	2	0.11232	0	104.603	0
7.6	3	6.48	0	174.513	0
7.6	4	0.1248	0	73.0034	0
7.7	1	7.2	0	245.275	0
7.7	2	0.11648	0	106.033	0
7.7	3	6.72	0	177.497	0
7.7	4	0.1248	0	74.5349	0
7.8	1	7.32	0	248.5	0
7.8	2	0.11648	0	107.462	0
7.8	3	6.72	0	180.454	0
7.8	4	0.1248	0	76.0664	0
7.9	1	7.44	0	251.774	0
7.9	2	0.11648	0	108.891	0
7.9	3	6.6	0	183.382	0
7.9	4	0.12896	0	77.649	0
8	1	7.56	0	255.103	0
8	2	0.11648	0	110.321	0
8	3	6.72	0	186.383	0
8	4	0.12896	0	79.2315	0
8.1	1	7.44	0	258.377	0
8.1	2	0.12064	0	111.801	0
8.1	3	6.96	0	189.484	0
8.1	4	0.12896	0	80.8141	0
8.2	1	7.44	0	261.651	0
8.2	2	0.12064	0	113.282	0
8.2	3	6.84	0	192.494	0
8.2	4	0.12896	0	82.3967	0
8.3	1	7.56	0	265.025	0
8.3	2	0.12064	0	114.762	0
8.3	3	6.96	0	195.557	0
8.3	4	0.12896	0	83.9792	0
8.4	1	7.56	0	268.351	0
8.4	2	0.1248	0	116.294	0
8.4	3	7.08	0	198.72	0
8.4	4	0.13312	0	85.6128	0
8.5	1	6.96	0	271.452	0
8.5	2	0.13312	0	117.927	0
8.5	3	7.68	0	202.151	0
8.5	4	0.1248	0	87.1443	0
8.6	1	7.2	0	274.627	0
8.6	2	0.13312	0	119.561	0
8.6	3	7.8	0	205.679	0
8.6	4	0.12064	0	88.6248	0
8.7	1	7.2	0	277.82	0
8.7	2	0.13312	0	121.195	0
8.7	3	7.68	0	209.059	0
8.7	4	0.12064	0	90.1053	0
8.8	1	7.2	0	281.032	0
8.8	2	0.13728	0	122.879	0
8.8	3	7.8	0	212.53	0
8.8	4	0.1248	0	91.6368	0
8.9	1	6.96	0	284.172	0
8.9	2	0.13728	0	124.564	0
8.9	3	7.92	0	216.114	0
8.9	4	0.1248	0	93.1683	0
9	1	6.96	0	287.388	0
9	2	0.13728	0	126.249	0
9	3	8.04	0	219.84	0
9	4	0.12064	0	94.6488	0
9.1	1	7.08	0	290.67	0
9.1	2	0.13728	0	127.933	0
9.1	3	7.92	0	223.476	0
9.1	4	0.12064	0	96.1292	0
9.2	1	6.96	0	293.912	0
9.2	2	0.14144	0	129.669	0
9.2	3	8.04	0	227.25	0
9.2	4	0.12064	0	97.6097	0
9.3	1	6.96	0	297.2	0
9.3	2	0.14144	0	131.405	0
9.3	3	8.04	0	231.102	0
9.3	4	0.11648	0	99.0391	0
9.4	1	8.28	0	301.195	0
9.4	2	0.1248	0	132.936	0
9.4	3	6.72	0	234.383	0
9.4	4	0.13728	0	100.724	0
9.5	1	8.16	0	305.214	0
9.5	2	0.11648	0	134.366	0
9.5	3	6.72	0	237.659	0
9.5	4	0.14144	0	102.459	0
9.6	1	8.28	0	309.258	0
9.6	2	0.11648	0	135.795	0
9.6	3	6.72	0	240.948	0
9.6	4	0.14144	0	104.195	0
9.7	1	8.4	0	313.451	0
9.7	2	0.11648	0	137.224	0
9.7	3	6.6	0	244.246	0
9.7	4	0.1456	0	105.982	0
9.8	1	8.52	0	317.779	0
9.8	2	0.11232	0	138.603	0
9.8	3	6.48	0	247.523	0
9.8	4	0.1456	0	107.769	0
9.9	1	6.48	0	321.144	0
9.9	2	0.13312	0	140.236	0
9.9	3	8.52	0	251.909	0
9.9	4	0.1248	0	109.3	0
10	1	6.6	0	324.539	0
10	2	0.1456	0	142.023	0
10	3	8.4	0	256.214	0
10	4	0.11648	0	110.73	0
10.1	1	6.36	0	327.846	0
10.1	2	0.14976	0	143.861	0
10.1	3	8.52	0	260.651	0
10.1	4	0.11232	0	112.108	0
10.2	1	6.36	0	331.192	0
10.2	2	0.14976	0	145.699	0
10.2	3	8.64	0	265.252	0
10.2	4	0.10816	0	113.435	0
10.3	1	8.52	0	335.74	0
10.3	2	0.12896	0	147.281	0
10.3	3	6.48	0	268.746	0
10.3	4	0.12896	0	115.018	0
10.4	1	8.64	0	340.456	0
10.4	2	0.10816	0	148.609	0
10.4	3	6.36	0	272.186	0
10.4	4	0.14976	0	116.856	0
10.5	1	8.76	0	345.183	0
10.5	2	0.11232	0	149.987	0
10.5	3	6.24	0	275.562	0
10.5	4	0.14976	0	118.693	0
10.6	1	7.92	0	349.559	0
10.6	2	0.10816	0	151.314	0
10.6	3	7.08	0	279.43	0
10.6	4	0.15392	0	120.582	0
10.7	1	6	0	352.908	0
10.7	2	0.14976	0	153.152	0
10.7	3	8.88	0	284.395	0
10.7	4	0.10816	0	121.91	0
10.8	1	6.12	0	356.344	0
10.8	2	0.15392	0	155.041	0
10.8	3	8.88	0	289.361	0
10.8	4	0.10816	0	123.237	0
10.9	1	6.72	0	360.147	0
10.9	2	0.15392	0	156.93	0
10.9	3	8.28	0	294.101	0
10.9	4	0.09984	0	124.462	0
11	1	8.88	0	365.232	0
11	2	0.11648	0	158.359	0
11	3	6.12	0	297.569	0
11	4	0.1456	0	126.249	0
11.1	1	9	0	370.38	0
11.1	2	0.104	0	159.635	0
11.1	3	6	0	300.994	0
11.1	4	0.15392	0	128.138	0
11.2	1	8.52	0	375.315	0
11.2	2	0.104	0	160.912	0
11.2	3	6.48	0	304.747	0
11.2	4	0.15808	0	130.078	0
11.3	1	5.76	0	378.708	0
11.3	2	0.1456	0	162.699	0
11.3	3	9.12	0	310.091	0
11.3	4	0.11648	0	131.507	0
11.4	1	5.76	0	382.133	0
11.4	2	0.15808	0	164.638	0
11.4	3	9.24	0	315.616	0
11.4	4	0.09984	0	132.732	0
11.5	1	7.44	0	386.592	0
11.5	2	0.15808	0	166.578	0
11.5	3	7.56	0	320.096	0
11.5	4	0.09984	0	133.958	0
11.6	1	9.24	0	392.11	0
11.6	2	0.09984	0	167.804	0
11.6	3	5.76	0	323.547	0
11.6	4	0.15808	0	135.897	0
11.7	1	9.36	0	397.782	0
11.7	2	0.09984	0	169.029	0
11.7	3	5.64	0	326.968	0
11.7	4	0.16224	0	137.888	0
11.8	1	6.24	0	401.621	0
11.8	2	0.1248	0	170.56	0
11.8	3	8.76	0	332.335	0
11.8	4	0.13728	0	139.573	0
11.9	1	5.4	0	404.98	0
11.9	2	0.16224	0	172.551	0
11.9	3	9.48	0	338.244	0
11.9	4	0.09568	0	140.747	0
12	1	7.2	0	409.487	0
12	2	0.16224	0	174.542	0
12	3	7.8	0	343.074	0
12	4	0.09568	0	141.921	0
12.1	1	9.48	0	415.393	0
12.1	2	0.09984	0	175.767	0
12.1	3	5.52	0	346.519	0
12.1	4	0.15808	0	143.861	0
12.2	1	9.48	0	421.39	0
12.2	2	0.09568	0	176.942	0
12.2	3	5.52	0	350.01	0
12.2	4	0.1664	0	145.903	0
12.3	1	5.4	0	424.842	0
12.3	2	0.13728	0	178.626	0
12.3	3	9.6	0	356.147	0
12.3	4	0.1248	0	147.435	0
12.4	1	5.28	0	428.258	0
12.4	2	0.1664	0	180.668	0
12.4	3	9.72	0	362.457	0
12.4	4	0.09152	0	148.558	0
12.5	1	8.76	0	433.976	0
12.5	2	0.14144	0	182.404	0
12.5	3	6.12	0	366.41	0
12.5	4	0.11648	0	149.987	0
12.6	1	9.72	0	440.278	0
12.6	2	0.09568	0	183.578	0
12.6	3	5.28	0	369.833	0
12.6	4	0.1664	0	152.029	0
12.7	1	7.08	0	444.945	0
12.7	2	0.09984	0	184.803	0
12.7	3	7.92	0	375.024	0
12.7	4	0.15808	0	153.969	0
12.8	1	5.16	0	448.364	0
12.8	2	0.17056	0	186.896	0
12.8	3	9.84	0	381.578	0
12.8	4	0.09152	0	155.092	0
12.9	1	7.56	0	453.417	0
12.9	2	0.1664	0	188.938	0
12.9	3	7.44	0	386.583	0
12.9	4	0.09152	0	156.216	0
13	1	9.84	0	460.102	0
13	2	0.08736	0	190.01	0
13	3	5.16	0	390.072	0
13	4	0.17056	0	158.309	0
13.1	1	7.68	0	465.268	0
13.1	2	0.09152	0	191.134	0
13.1	3	7.2	0	394.915	0
13.1	4	0.17056	0	160.402	0
13.2	1	5.04	0	468.706	0
13.2	2	0.17056	0	193.227	0
13.2	3	9.96	0	401.693	0
13.2	4	0.09152	0	161.525	0
13.3	1	7.32	0	473.728	0
13.3	2	0.17472	0	195.371	0
13.3	3	7.68	0	407.013	0
13.3	4	0.0832	0	162.546	0
13.4	1	10.2	0	480.803	0
13.4	2	0.0832	0	196.392	0
13.4	3	4.8	0	410.354	0
13.4	4	0.17472	0	164.69	0
13.5	1	7.2	0	485.887	0
13.5	2	0.09152	0	197.515	0
13.5	3	7.8	0	415.819	0
13.5	4	0.1664	0	166.732	0
13.6	1	4.92	0	489.347	0
13.6	2	0.17472	0	199.659	0
13.6	3	10.08	0	422.869	0
13.6	4	0.08736	0	167.804	0
13.7	1	8.16	0	495.056	0
13.7	2	0.16224	0	201.65	0
13.7	3	6.72	0	427.614	0
13.7	4	0.09568	0	168.978	0
13.8	1	10.32	0	502.412	0
13.8	2	0.0832	0	202.671	0
13.8	3	4.68	0	430.935	0
13.8	4	0.17888	0	171.173	0
13.9	1	5.88	0	506.641	0
13.9	2	0.11232	0	204.049	0
13.9	3	9.12	0	437.496	0
13.9	4	0.1456	0	172.96	0
14	1	4.68	0	510.009	0
14	2	0.17888	0	206.245	0
14	3	10.32	0	444.921	0
14	4	0.0832	0	173.981	0
14.1	1	10.2	0	517.409	0
14.1	2	0.12896	0	207.827	0
14.1	3	4.8	0	448.43	0
14.1	4	0.12896	0	175.564	0
14.2	1	9.36	0	524.268	0
14.2	2	0.07904	0	208.797	0
14.2	3	5.64	0	452.564	0
14.2	4	0.17888	0	177.759	0
14.3	1	4.56	0	527.595	0
14.3	2	0.14976	0	210.635	0
14.3	3	10.32	0	460.057	0
14.3	4	0.11232	0	179.137	0
14.4	1	6.84	0	532.608	0
14.4	2	0.18304	0	212.881	0
14.4	3	8.16	0	466.077	0
14.4	4	0.07904	0	180.107	0
14.5	1	10.56	0	540.417	0
14.5	2	0.08736	0	213.953	0
14.5	3	4.44	0	469.375	0
14.5	4	0.17056	0	182.2	0
14.6	1	6.6	0	545.365	0
14.6	2	0.09568	0	215.127	0
14.6	3	8.4	0	475.643	0
14.6	4	0.16224	0	184.191	0
14.7	1	4.32	0	548.619	0
14.7	2	0.18304	0	217.373	0
14.7	3	10.68	0	483.733	0
14.7	4	0.07488	0	185.11	0
14.8	1	10.32	0	556.457	0
14.8	2	0.13312	0	219.007	0
14.8	3	4.68	0	487.256	0
14.8	4	0.12896	0	186.693	0
14.9	1	9	0	563.268	0
14.9	2	0.07488	0	219.926	0
14.9	3	5.88	0	491.683	0
14.9	4	0.18304	0	188.939	0
15	1	4.3632	0	567.042	0
15	2	0.1664	0	221.968	0
15	3	10.7197	0	500.055	0
15	4	0.09984	0	190.164	0
15.1	1	8.30624	0	575.837	0
15.1	2	0.208	0	224.521	0
15.1	3	6.568	0	506.457	0
15.1	4	0.09568	0	191.338	0
15.2	1	9.21952	0	585.394	0
15.2	2	0.10816	0	225.848	0
15.2	3	5.84096	0	512.617	0
15.2	4	0.24128	0	194.299	0
15.3	1	5.54176	0	591.128	0
15.3	2	0.18304	0	228.094	0
15.3	3	9.44096	0	522.888	0
15.3	4	0.15808	0	196.239	0
15.4	1	8.2992	0	600.404	0
15.4	2	0.19136	0	230.442	0
15.4	3	6.65952	1	529.37	0
15.4	4	0.15392	0	198.128	0
15.5	1	7.46816	1	607.859	0
15.5	2	0.17056	0	232.535	0
15.5	3	7.45408	1	537.659	0
15.5	4	0.17472	0	200.272	0
15.6	1	7.5584	0	615.855	0
15.6	2	0.1856	0	234.782	0
15.6	3	7.49056	0	545.55	0
15.6	4	0.35008	0	204.05	0
15.7	1	8.42688	0	623.004	0
15.7	2	0.4512	0	239.581	0
15.7	3	4.51296	0	548.753	0
15.7	4	0.35008	0	207.522	0
15.8	1	6.7792	0	626.468	0
15.8	2	0.21024	0	241.981	0
15.8	3	0.8992	0	549.172	0
15.8	4	0.1008	0	208.697	0
15.9	1	4.56	0	628.72	0
15.9	2	0.14144	0	243.716	0
15.9	3	5.04	0	552.959	0
15.9	4	0.08736	0	209.769	0
16	1	4.68	0	630.79	0
16	2	0.09152	0	244.84	0
16	3	5.16	0	555.266	0
16	4	0.09152	0	210.892	0
16.1	1	4.56	0	632.797	0
16.1	2	0.09152	0	245.963	0
16.1	3	5.28	0	557.624	0
16.1	4	0.08736	0	211.964	0
16.2	1	4.8	0	634.919	0
16.2	2	0.09152	0	247.086	0
16.2	3	5.28	0	559.983	0
16.2	4	0.07904	0	212.934	0
16.3	1	4.8	0	637.031	0
16.3	2	0.09152	0	248.209	0
16.3	3	5.4	0	562.394	0
16.3	4	0.07904	0	213.904	0
16.4	1	4.8	0	639.15	0
16.4	2	0.09568	0	249.383	0
16.4	3	5.28	0	564.717	0
16.4	4	0.0832	0	214.925	0
16.5	1	4.92	0	641.314	0
16.5	2	0.09568	0	250.557	0
16.5	3	5.4	0	567.125	0
16.5	4	0.0832	0	215.946	0
16.6	1	5.52	0	643.748	0
16.6	2	0.09568	0	251.731	0
16.6	3	5.52	0	569.627	0
16.6	4	0.07904	0	216.916	0
16.7	1	5.52	0	646.177	0
16.7	2	0.09568	0	252.905	0
16.7	3	5.64	0	572.139	0
16.7	4	0.08736	0	217.988	0
16.8	1	5.64	0	648.66	0
16.8	2	0.09984	0	254.131	0
16.8	3	5.52	0	574.568	0
16.8	4	0.08736	0	219.06	0
16.9	1	5.76	0	651.194	0
16.9	2	0.09984	0	255.356	0
16.9	3	5.64	0	577.075	0
16.9	4	0.0832	0	220.081	0
17	1	5.76	0	653.729	0
17	2	0.08736	0	256.428	0
17	3	5.76	0	579.648	0
17	4	0.09984	0	221.306	0
17.1	1	5.88	0	656.353	0
17.1	2	0.09152	0	257.551	0
17.1	3	5.88	0	582.298	0
17.1	4	0.09984	0	222.531	0
17.2	1	5.76	0	658.887	0
17.2	2	0.08736	0	258.623	0
17.2	3	5.64	0	584.779	0
17.2	4	0.09984	0	223.757	0
17.3	1	5.88	0	661.508	0
17.3	2	0.09152	0	259.746	0
17.3	3	5.28	0	587.119	0
17.3	4	0.09984	0	224.982	0
17.4	1	6	0	664.148	0
17.4	2	0.09568	0	260.92	0
17.4	3	5.16	0	589.423	0
17.4	4	0.104	0	226.258	0
17.5	1	6.12	0	666.872	0
17.5	2	0.09152	0	262.043	0
17.5	3	5.28	0	591.783	0
17.5	4	0.104	0	227.534	0
17.6	1	6	0	669.512	0
17.6	2	0.09568	0	263.218	0
17.6	3	5.52	0	594.244	0
17.6	4	0.104	0	228.811	0
17.7	1	6.12	0	672.232	0
17.7	2	0.09568	0	264.392	0
17.7	3	5.4	0	596.62	0
17.7	4	0.104	0	230.087	0
17.8	1	6.24	0	674.978	0
17.8	2	0.09568	0	265.566	0
17.8	3	5.52	0	599.076	0
17.8	4	0.10816	0	231.414	0
17.9	1	6.36	0	677.802	0
17.9	2	0.09984	0	266.791	0
17.9	3	5.52	0	601.542	0
17.9	4	0.10816	0	232.741	0
18	1	6.24	0	680.547	0
18	2	0.10816	0	268.118	0
18	3	5.76	0	604.121	0
18	4	0.10816	0	234.069	0
18.1	1	6.36	0	683.366	0
18.1	2	0.10816	0	269.446	0
18.1	3	5.64	0	606.603	0
18.1	4	0.10816	0	235.396	0
18.2	1	5.88	0	685.953	0
18.2	2	0.11232	0	270.824	0
18.2	3	6.36	0	609.41	0
18.2	4	0.11232	0	236.774	0
18.3	1	5.88	0	688.551	0
18.3	2	0.11232	0	272.203	0
18.3	3	6.48	0	612.304	0
18.3	4	0.11232	0	238.153	0
18.4	1	5.88	0	691.147	0
18.4	2	0.11232	0	273.581	0
18.4	3	6.6	0	615.257	0
18.4	4	0.104	0	239.429	0
18.5	1	6	0	693.787	0
18.5	2	0.11232	0	274.959	0
18.5	3	6.48	0	618.108	0
18.5	4	0.09984	0	240.654	0
18.6	1	6.12	0	696.494	0
18.6	2	0.11648	0	276.389	0
18.6	3	6.6	0	621.013	0
18.6	4	0.104	0	241.93	0
18.7	1	6	0	699.134	0
18.7	2	0.11648	0	277.818	0
18.7	3	6.72	0	624.015	0
18.7	4	0.104	0	243.207	0
18.8	1	6.24	0	701.89	0
18.8	2	0.11648	0	279.247	0
18.8	3	6.72	0	627.017	0
18.8	4	0.104	0	244.483	0
18.9	1	6.24	0	704.636	0
18.9	2	0.11648	0	280.677	0
18.9	3	6.84	0	630.07	0
18.9	4	0.104	0	245.759	0
19	1	6.24	0	707.39	0
19	2	0.12064	0	282.157	0
19	3	6.72	0	633.027	0
19	4	0.10816	0	247.087	0
19.1	1	6.36	0	710.188	0
19.1	2	0.12064	0	283.638	0
19.1	3	6.84	0	636.076	0
19.1	4	0.10816	0	248.414	0
19.2	1	6.48	0	713.044	0
19.2	2	0.12064	0	285.118	0
19.2	3	6.96	0	639.231	0
19.2	4	0.104	0	249.69	0
19.3	1	6.96	0	716.107	0
19.3	2	0.12064	0	286.599	0
19.3	3	7.08	0	642.383	0
19.3	4	0.11232	0	251.069	0
19.4	1	7.08	0	719.223	0
19.4	2	0.12064	0	288.079	0
19.4	3	6.96	0	645.446	0
19.4	4	0.11648	0	252.498	0
19.5	1	7.2	0	722.391	0
19.5	2	0.11232	0	289.458	0
19.5	3	6.72	0	648.431	0
19.5	4	0.12064	0	253.978	0
19.6	1	7.2	0	725.56	0
19.6	2	0.11232	0	290.836	0
19.6	3	6.48	0	651.326	0
19.6	4	0.1248	0	255.51	0
19.7	1	7.32	0	728.827	0
19.7	2	0.11648	0	292.265	0
19.7	3	6.36	0	654.182	0
19.7	4	0.1248	0	257.041	0
19.8	1	7.2	0	731.995	0
19.8	2	0.11232	0	293.644	0
19.8	3	6.72	0	657.166	0
19.8	4	0.1248	0	258.573	0
19.9	1	7.32	0	735.257	0
19.9	2	0.11648	0	295.073	0
19.9	3	6.72	0	660.126	0
19.9	4	0.1248	0	260.104	0
20	1	7.44	0	738.531	0
20	2	0.12064	0	296.554	0
20	3	6.6	0	663.074	0
20	4	0.12896	0	261.687	0
20.1	1	7.56	0	741.897	0
20.1	2	0.11648	0	297.983	0
20.1	3	6.72	0	666.076	0
20.1	4	0.12896	0	263.27	0
20.2	1	7.44	0	745.171	0
20.2	2	0.12064	0	299.463	0
20.2	3	6.96	0	669.193	0
20.2	4	0.12896	0	264.852	0
20.3	1	7.56	0	748.53	0
20.3	2	0.12064	0	300.944	0
20.3	3	6.96	0	672.255	0
20.3	4	0.12896	0	266.435	0
20.4	1	7.68	0	751.91	0
20.4	2	0.12064	0	302.424	0
20.4	3	6.84	0	675.287	0
20.4	4	0.13312	0	268.068	0
20.5	1	7.8	0	755.372	0
20.5	2	0.12064	0	303.905	0
20.5	3	6.96	0	678.396	0
20.5	4	0.13312	0	269.702	0
20.6	1	7.44	0	758.646	0
20.6	2	0.12896	0	305.487	0
20.6	3	7.56	0	681.785	0
20.6	4	0.12896	0	271.284	0
20.7	1	7.08	0	761.782	0
20.7	2	0.13312	0	307.121	0
20.7	3	7.68	0	685.165	0
20.7	4	0.1248	0	272.816	0
20.8	1	7.2	0	764.992	0
20.8	2	0.13728	0	308.806	0
20.8	3	7.8	0	688.606	0
20.8	4	0.1248	0	274.347	0
20.9	1	7.08	0	768.188	0
20.9	2	0.13728	0	310.49	0
20.9	3	7.92	0	692.189	0
20.9	4	0.12064	0	275.828	0
21	1	6.96	0	771.412	0
21	2	0.13728	0	312.175	0
21	3	8.04	0	695.885	0
21	4	0.12064	0	277.308	0
21.1	1	7.08	0	774.686	0
21.1	2	0.13728	0	313.86	0
21.1	3	7.92	0	699.521	0
21.1	4	0.1248	0	278.84	0
21.2	1	6.96	0	777.915	0
21.2	2	0.14144	0	315.595	0
21.2	3	7.92	0	703.21	0
21.2	4	0.12064	0	280.32	0
21.3	1	6.96	0	781.165	0
21.3	2	0.14144	0	317.331	0
21.3	3	8.04	0	707.061	0
21.3	4	0.11648	0	281.75	0
21.4	1	7.08	0	784.525	0
21.4	2	0.14144	0	319.067	0
21.4	3	7.92	0	710.908	0
21.4	4	0.11648	0	283.179	0
21.5	1	8.16	0	788.489	0
21.5	2	0.1248	0	320.598	0
21.5	3	6.84	0	714.227	0
21.5	4	0.13728	0	284.864	0
21.6	1	8.28	0	792.575	0
21.6	2	0.11648	0	322.028	0
21.6	3	6.72	0	717.525	0
21.6	4	0.14144	0	286.6	0
21.7	1	8.4	0	796.711	0
21.7	2	0.11648	0	323.457	0
21.7	3	6.6	0	720.811	0
21.7	4	0.14144	0	288.335	0
21.8	1	8.52	0	800.969	0
21.8	2	0.11648	0	324.887	0
21.8	3	6.36	0	724.038	0
21.8	4	0.1456	0	290.122	0
21.9	1	8.16	0	805.151	0
21.9	2	0.11648	0	326.316	0
21.9	3	6.84	0	727.544	0
21.9	4	0.1456	0	291.909	0
22	1	6.48	0	808.513	0
22	2	0.13312	0	327.95	0
22	3	8.52	0	731.893	0
22	4	0.12064	0	293.389	0
22.1	1	6.6	0	811.938	0
22.1	2	0.1456	0	329.736	0
22.1	3	8.4	0	736.198	0
22.1	4	0.11648	0	294.819	0
22.2	1	6.48	0	815.319	0
22.2	2	0.14976	0	331.574	0
22.2	3	8.52	0	740.658	0
22.2	4	0.11232	0	296.197	0
22.3	1	6.36	0	818.664	0
22.3	2	0.14976	0	333.412	0
22.3	3	8.64	0	745.259	0
22.3	4	0.10816	0	297.524	0
22.4	1	8.64	0	823.317	0
22.4	2	0.12896	0	334.995	0
22.4	3	6.24	0	748.638	0
22.4	4	0.13312	0	299.158	0
22.5	1	8.64	0	828.034	0
22.5	2	0.10816	0	336.322	0
22.5	3	6.36	0	752.084	0
22.5	4	0.14976	0	300.996	0
22.6	1	8.76	0	832.803	0
22.6	2	0.10816	0	337.649	0
22.6	3	6.24	0	755.458	0
22.6	4	0.14976	0	302.834	0
22.7	1	7.68	0	837.047	0
22.7	2	0.10816	0	338.976	0
22.7	3	7.32	0	759.479	0
22.7	4	0.15392	0	304.722	0
22.8	1	6.12	0	840.475	0
22.8	2	0.15392	0	340.865	0
22.8	3	8.88	0	764.445	0
22.8	4	0.104	0	305.999	0
22.9	1	6	0	843.883	0
22.9	2	0.15392	0	342.754	0
22.9	3	9	0	769.56	0
22.9	4	0.104	0	307.275	0
23	1	6.96	0	847.869	0
23	2	0.15392	0	344.643	0
23	3	7.92	0	774.042	0
23	4	0.10816	0	308.602	0
23.1	1	9	0	853	0
23.1	2	0.11232	0	346.021	0
23.1	3	6	0	777.471	0
23.1	4	0.1456	0	310.389	0
23.2	1	9.12	0	858.282	0
23.2	2	0.104	0	347.298	0
23.2	3	5.88	0	780.883	0
23.2	4	0.15808	0	312.329	0
23.3	1	7.8	0	862.876	0
23.3	2	0.09984	0	348.523	0
23.3	3	7.2	0	785.101	0
23.3	4	0.15808	0	314.269	0
23.4	1	5.76	0	866.319	0
23.4	2	0.15808	0	350.463	0
23.4	3	9.24	0	790.589	0
23.4	4	0.09984	0	315.494	0
23.5	1	5.88	0	869.835	0
23.5	2	0.15808	0	352.403	0
23.5	3	9.12	0	795.994	0
23.5	4	0.104	0	316.77	0
23.6	1	8.16	0	874.696	0
23.6	2	0.1456	0	354.189	0
23.6	3	6.72	0	800.021	0
23.6	4	0.11232	0	318.149	0
23.7	1	9.36	0	880.368	0
23.7	2	0.09984	0	355.415	0
23.7	3	5.64	0	803.449	0
23.7	4	0.16224	0	320.14	0
23.8	1	8.76	0	885.752	0
23.8	2	0.09568	0	356.589	0
23.8	3	6.24	0	807.271	0
23.8	4	0.16224	0	322.131	0
23.9	1	5.52	0	889.202	0
23.9	2	0.1456	0	358.376	0
23.9	3	9.48	0	813.144	0
23.9	4	0.11232	0	323.509	0
24	1	5.64	0	892.725	0
24	2	0.16224	0	360.367	0
24	3	9.36	0	818.94	0
24	4	0.09984	0	324.734	0
24.1	1	8.4	0	897.945	0
24.1	2	0.1456	0	362.153	0
24.1	3	6.6	0	823.071	0
24.1	4	0.11232	0	326.113	0
24.2	1	9.6	0	903.954	0
24.2	2	0.09984	0	363.379	0
24.2	3	5.28	0	826.408	0
24.2	4	0.16224	0	328.104	0
24.3	1	8.04	0	909.042	0
24.3	2	0.09568	0	364.553	0
24.3	3	6.96	0	830.858	0
24.3	4	0.1664	0	330.146	0
24.4	1	5.4	0	912.519	0
24.4	2	0.15808	0	366.493	0
24.4	3	9.6	0	837.059	0
24.4	4	0.09568	0	331.32	0
24.5	1	5.88	0	916.318	0
24.5	2	0.1664	0	368.535	0
24.5	3	9.12	0	842.941	0
24.5	4	0.09568	0	332.494	0
24.6	1	9.72	0	922.666	0
24.6	2	0.11648	0	369.964	0
24.6	3	5.28	0	846.383	0
24.6	4	0.14144	0	334.23	0
24.7	1	9.84	0	929.089	0
24.7	2	0.09568	0	371.138	0
24.7	3	5.16	0	849.753	0
24.7	4	0.1664	0	336.272	0
24.8	1	5.4	0	932.649	0
24.8	2	0.12896	0	372.721	0
24.8	3	9.48	0	856.052	0
24.8	4	0.13312	0	337.905	0
24.9	1	5.16	0	936.06	0
24.9	2	0.17056	0	374.814	0
24.9	3	9.84	0	862.605	0
24.9	4	0.08736	0	338.977	0
25	1	9.24	0	942.276	0
25	2	0.13728	0	376.498	0
25	3	5.76	0	866.493	0
25	4	0.12064	0	340.458	0
25.1	1	9.84	0	948.961	0
25.1	2	0.08736	0	377.571	0
25.1	3	5.16	0	869.993	0
25.1	4	0.17056	0	342.551	0
25.2	1	6.12	0	953.113	0
25.2	2	0.11648	0	379	0
25.2	3	8.88	0	875.966	0
25.2	4	0.1456	0	344.338	0
25.3	1	5.04	0	956.545	0
25.3	2	0.17472	0	381.144	0
25.3	3	9.96	0	882.769	0
25.3	4	0.08736	0	345.41	0
25.4	1	8.88	0	962.637	0
25.4	2	0.1456	0	382.931	0
25.4	3	6	0	886.926	0
25.4	4	0.11232	0	346.788	0
25.5	1	10.2	0	969.762	0
25.5	2	0.08736	0	384.003	0
25.5	3	4.8	0	890.256	0
25.5	4	0.17472	0	348.932	0
25.6	1	5.52	0	973.659	0
25.6	2	0.11648	0	385.432	0
25.6	3	9.48	0	896.921	0
25.6	4	0.13728	0	350.617	0
25.7	1	4.92	0	977.131	0
25.7	2	0.17472	0	387.576	0
25.7	3	10.08	0	903.971	0
25.7	4	0.08736	0	351.689	0
25.8	1	9.84	0	984.062	0
25.8	2	0.13312	0	389.21	0
25.8	3	5.16	0	907.614	0
25.8	4	0.1248	0	353.22	0
25.9	1	9.96	0	991.161	0
25.9	2	0.0832	0	390.231	0
25.9	3	5.04	0	911.198	0
25.9	4	0.17888	0	355.416	0
26	1	4.56	0	994.441	0
26	2	0.14144	0	391.967	0
26	3	10.32	0	918.623	0
26	4	0.12064	0	356.896	0
26.1	1	6.24	0	998.972	0
26.1	2	0.17888	0	394.162	0
26.1	3	8.76	0	924.991	0
26.1	4	0.07904	0	357.866	0
26.2	1	10.32	0	1006.53	0
26.2	2	0.09984	0	395.387	0
26.2	3	4.68	0	928.4	0
26.2	4	0.15808	0	359.806	0
26.3	1	7.68	0	1012.13	0
26.3	2	0.07904	0	396.357	0
26.3	3	7.32	0	933.716	0
26.3	4	0.17888	0	362.001	0
26.4	1	4.56	0	1015.48	0
26.4	2	0.18304	0	398.603	0
26.4	3	10.44	0	941.377	0
26.4	4	0.07904	0	362.971	0
26.5	1	8.76	0	1021.96	0
26.5	2	0.15808	0	400.543	0
26.5	3	6.24	0	946.033	0
26.5	4	0.104	0	364.247	0
26.6	1	10.56	0	1029.87	0
26.6	2	0.07488	0	401.462	0
26.6	3	4.32	0	949.256	0
26.6	4	0.18304	0	366.493	0
26.7	1	4.32	0	1033.15	0
26.7	2	0.13312	0	403.096	0
26.7	3	10.68	0	957.304	0
26.7	4	0.1248	0	368.025	0
26.8	1	6.36	0	1037.98	0
26.8	2	0.18304	0	405.342	0
26.8	3	8.64	0	963.808	0
26.8	4	0.07488	0	368.944	0
26.9	1	10.68	0	1046.05	0
26.9	2	0.09568	0	406.516	0
26.9	3	4.32	0	967.077	0
26.9	4	0.1664	0	370.986	0
27	1	6.68992	0	1051.95	0
27	2	0.09152	0	407.639	0
27	3	8.28	0	973.368	0
27	4	0.17056	0	373.079	0
27.1	1	4.84896	0	1056.93	0
27.1	2	0.2288	0	410.447	0
27.1	3	10.1427	0	982.151	0
27.1	4	0.07072	0	373.947	0
27.2	1	10.3568	0	1068.03	0
27.2	2	0.1664	0	412.489	0
27.2	3	4.63584	0	986.77	0
27.2	4	0.15808	0	375.887	0
27.3	1	7.08	0	1075.28	0
27.3	2	0.1248	0	414.021	0
27.3	3	7.82496	0	995.464	0
27.3	4	0.22048	0	378.592	0
27.4	1	6.88096	0	1082.67	0
27.4	2	0.208	0	416.573	0
27.4	3	8.16224	0	1004.23	0
27.4	4	0.13728	0	380.277	0
27.5	1	7.5472	1	1090.77	0
27.5	2	0.16224	0	418.564	0
27.5	3	7.34816	0	1011.87	0
27.5	4	0.19136	0	382.625	0
27.6	1	7.46528	1	1098.6	0
27.6	2	0.2576	0	421.474	0
27.6	3	7.56672	1	1020.06	0
27.6	4	0.17888	0	384.821	0
27.7	1	6.0576	0	1104.13	0
27.7	2	0.41824	0	425.712	0
27.7	3	8.86496	0	1029	0
27.7	4	0.31616	0	388.292	0
27.8	1	2.22336	0	1105.26	0
27.8	2	0.17312	0	427.601	0
27.8	3	4.51584	0	1031.39	0
27.8	4	0.40736	0	392.734	0
27.9	1	5.16	0	1109.17	0
27.9	2	0.01664	0	427.805	0
27.9	3	6.21312	0	1034.87	0
27.9	4	0.17472	0	394.878	0
28	1	5.04	0	1111.39	0
28	2	0.08736	0	428.878	0
28	3	5.28	0	1037.19	0
28	4	0.07904	0	395.848	0
28.1	1	5.16	0	1113.74	0
28.1	2	0.08736	0	429.95	0
28.1	3	5.4	0	1039.57	0
28.1	4	0.07904	0	396.818	0
28.2	1	5.28	0	1116.06	0
28.2	2	0.09152	0	431.073	0
28.2	3	5.28	0	1041.89	0
28.2	4	0.0832	0	397.839	0
28.3	1	5.04	0	1118.29	0
28.3	2	0.09152	0	432.196	0
28.3	3	5.28	0	1044.21	0
28.3	4	0.0832	0	398.86	0
28.4	1	4.8	0	1120.4	0
28.4	2	0.09152	0	433.319	0
28.4	3	5.4	0	1046.62	0
28.4	4	0.0832	0	399.881	0
28.5	1	4.68	0	1122.46	0
28.5	2	0.09152	0	434.442	0
28.5	3	5.52	0	1049.05	0
28.5	4	0.0832	0	400.902	0
28.6	1	4.68	0	1124.57	0
28.6	2	0.09568	0	435.616	0
28.6	3	5.64	0	1051.57	0
28.6	4	0.0832	0	401.923	0
28.7	1	4.92	0	1126.77	0
28.7	2	0.09568	0	436.79	0
28.7	3	5.52	0	1054	0
28.7	4	0.08736	0	402.995	0
28.8	1	4.92	0	1128.94	0
28.8	2	0.09568	0	437.964	0
28.8	3	5.64	0	1056.51	0
28.8	4	0.08736	0	404.067	0
28.9	1	5.04	0	1131.16	0
28.9	2	0.09568	0	439.139	0
28.9	3	5.76	0	1059.04	0
28.9	4	0.09984	0	405.293	0
29	1	4.92	0	1133.33	0
29	2	0.09984	0	440.364	0
29	3	5.88	0	1061.65	0
29	4	0.09984	0	406.518	0
29.1	1	5.16	0	1135.67	0
29.1	2	0.09984	0	441.589	0
29.1	3	5.76	0	1064.19	0
29.1	4	0.09984	0	407.743	0
29.2	1	5.76	0	1138.2	0
29.2	2	0.09984	0	442.814	0
29.2	3	5.28	0	1066.53	0
29.2	4	0.09984	0	408.968	0
29.3	1	5.88	0	1140.83	0
29.3	2	0.09984	0	444.039	0
29.3	3	5.4	0	1068.91	0
29.3	4	0.104	0	410.245	0
29.4	1	5.76	0	1143.36	0
29.4	2	0.09984	0	445.265	0
29.4	3	5.4	0	1071.29	0
29.4	4	0.104	0	411.521	0
29.5	1	5.88	0	1146.02	0
29.5	2	0.09568	0	446.439	0
29.5	3	5.4	0	1073.68	0
29.5	4	0.104	0	412.797	0
29.6	1	6	0	1148.66	0
29.6	2	0.09152	0	447.562	0
29.6	3	5.52	0	1076.11	0
29.6	4	0.104	0	414.073	0
29.7	1	6.12	0	1151.39	0
29.7	2	0.09152	0	448.685	0
29.7	3	5.64	0	1078.61	0
29.7	4	0.10816	0	415.401	0
29.8	1	6	0	1154.03	0
29.8	2	0.09568	0	449.859	0
29.8	3	5.52	0	1081.03	0
29.8	4	0.10816	0	416.728	0
29.9	1	6.12	0	1156.83	0
29.9	2	0.09152	0	450.982	0
29.9	3	5.76	0	1083.58	0
29.9	4	0.10816	0	418.055	0
30	1	6.24	0	1159.57	0
30	2	0.09568	0	452.156	0
30	3	5.76	0	1086.12	0
30	4	0.10816	0	419.383	0
30.1	1	6.36	0	1162.4	0
30.1	2	0.09984	0	453.382	0
30.1	3	5.76	0	1088.66	0
30.1	4	0.11232	0	420.761	0
30.2	1	6.24	0	1165.14	0
30.2	2	0.09984	0	454.607	0
30.2	3	6.36	0	1091.46	0
30.2	4	0.11232	0	422.139	0
30.3	1	6.36	0	1168.05	0
30.3	2	0.09152	0	455.73	0
30.3	3	6.6	0	1094.37	0
30.3	4	0.11232	0	423.518	0
30.4	1	6.48	0	1170.9	0
30.4	2	0.10816	0	457.057	0
30.4	3	6.48	0	1097.22	0
30.4	4	0.10816	0	424.845	0
30.5	1	6.6	0	1173.82	0
30.5	2	0.11232	0	458.436	0
30.5	3	6.6	0	1100.13	0
30.5	4	0.104	0	426.121	0
30.6	1	6.12	0	1176.51	0
30.6	2	0.11232	0	459.814	0
30.6	3	6.72	0	1103.08	0
30.6	4	0.104	0	427.398	0
30.7	1	5.88	0	1179.14	0
30.7	2	0.11232	0	461.192	0
30.7	3	6.72	0	1106.04	0
30.7	4	0.10816	0	428.725	0
30.8	1	5.76	0	1181.76	0
30.8	2	0.11648	0	462.622	0
30.8	3	6.84	0	1109.09	0
30.8	4	0.104	0	430.001	0
30.9	1	6.12	0	1184.48	0
30.9	2	0.11648	0	464.051	0
30.9	3	6.72	0	1112.05	0
30.9	4	0.10816	0	431.328	0
31	1	6.24	0	1187.23	0
31	2	0.11648	0	465.481	0
31	3	6.84	0	1115.1	0
31	4	0.10816	0	432.656	0
31.1	1	6.12	0	1189.93	0
31.1	2	0.11648	0	466.91	0
31.1	3	6.96	0	1118.17	0
31.1	4	0.10816	0	433.983	0
31.2	1	6.12	0	1192.66	0
31.2	2	0.12064	0	468.391	0
31.2	3	7.08	0	1121.32	0
31.2	4	0.10816	0	435.31	0
31.3	1	6.36	0	1195.52	0
31.3	2	0.12064	0	469.871	0
31.3	3	6.96	0	1124.38	0
31.3	4	0.11232	0	436.689	0
31.4	1	6.48	0	1198.37	0
31.4	2	0.12064	0	471.351	0
31.4	3	7.08	0	1127.53	0
31.4	4	0.11232	0	438.067	0
31.5	1	6.36	0	1201.17	0
31.5	2	0.12064	0	472.832	0
31.5	3	7.2	0	1130.7	0
31.5	4	0.11648	0	439.496	0
31.6	1	6.72	0	1204.13	0
31.6	2	0.1248	0	474.363	0
31.6	3	6.96	0	1133.79	0
31.6	4	0.1248	0	441.028	0
31.7	1	7.2	0	1207.39	0
31.7	2	0.12064	0	475.844	0
31.7	3	6.72	0	1136.75	0
31.7	4	0.1248	0	442.559	0
31.8	1	7.2	0	1210.56	0
31.8	2	0.11232	0	477.222	0
31.8	3	6.6	0	1139.67	0
31.8	4	0.1248	0	444.091	0
31.9	1	7.32	0	1213.83	0
31.9	2	0.11232	0	478.601	0
31.9	3	6.84	0	1142.69	0
31.9	4	0.12896	0	445.674	0
32	1	7.2	0	1217	0
32	2	0.11648	0	480.03	0
32	3	6.84	0	1145.7	0
32	4	0.12896	0	447.256	0
32.1	1	7.32	0	1220.31	0
32.1	2	0.11648	0	481.459	0
32.1	3	6.84	0	1148.73	0
32.1	4	0.12896	0	448.839	0
32.2	1	7.44	0	1223.58	0
32.2	2	0.11648	0	482.889	0
32.2	3	6.96	0	1151.79	0
32.2	4	0.12896	0	450.421	0
32.3	1	7.56	0	1226.95	0
32.3	2	0.11648	0	484.318	0
32.3	3	7.08	0	1154.92	0
32.3	4	0.13312	0	452.055	0
32.4	1	7.44	0	1230.22	0
32.4	2	0.12064	0	485.799	0
32.4	3	6.96	0	1157.99	0
32.4	4	0.13312	0	453.688	0
32.5	1	7.56	0	1233.68	0
32.5	2	0.11648	0	487.228	0
32.5	3	7.2	0	1161.17	0
32.5	4	0.13312	0	455.322	0
32.6	1	7.68	0	1237.06	0
32.6	2	0.12064	0	488.709	0
32.6	3	7.2	0	1164.34	0
32.6	4	0.13312	0	456.956	0
32.7	1	7.8	0	1240.53	0
32.7	2	0.1248	0	490.24	0
32.7	3	7.2	0	1167.52	0
32.7	4	0.13728	0	458.64	0
32.8	1	7.68	0	1243.95	0
32.8	2	0.12064	0	491.721	0
32.8	3	7.32	0	1170.78	0
32.8	4	0.13728	0	460.325	0
32.9	1	6.84	0	1247.07	0
32.9	2	0.13312	0	493.354	0
32.9	3	8.04	0	1174.33	0
32.9	4	0.1248	0	461.857	0
33	1	7.08	0	1250.28	0
33	2	0.13728	0	495.039	0
33	3	7.92	0	1177.91	0
33	4	0.1248	0	463.388	0
33.1	1	6.96	0	1253.47	0
33.1	2	0.13728	0	496.723	0
33.1	3	8.04	0	1181.6	0
33.1	4	0.12064	0	464.869	0
33.2	1	6.84	0	1256.68	0
33.2	2	0.13728	0	498.408	0
33.2	3	8.16	0	1185.46	0
33.2	4	0.12064	0	466.349	0
33.3	1	6.84	0	1259.91	0
33.3	2	0.13728	0	500.093	0
33.3	3	8.16	0	1189.26	0
33.3	4	0.1248	0	467.88	0
33.4	1	6.6	0	1263.06	0
33.4	2	0.14144	0	501.829	0
33.4	3	8.28	0	1193.23	0
33.4	4	0.12064	0	469.361	0
33.5	1	6.84	0	1266.39	0
33.5	2	0.14144	0	503.564	0
33.5	3	8.16	0	1197.19	0
33.5	4	0.11648	0	470.79	0
33.6	1	8.16	0	1270.31	0
33.6	2	0.12896	0	505.147	0
33.6	3	6.84	0	1200.6	0
33.6	4	0.12896	0	472.373	0
33.7	1	8.16	0	1274.33	0
33.7	2	0.11648	0	506.576	0
33.7	3	6.84	0	1203.97	0
33.7	4	0.1456	0	474.16	0
33.8	1	8.28	0	1278.47	0
33.8	2	0.11232	0	507.955	0
33.8	3	6.72	0	1207.32	0
33.8	4	0.1456	0	475.946	0
33.9	1	8.4	0	1282.78	0
33.9	2	0.11232	0	509.333	0
33.9	3	6.6	0	1210.67	0
33.9	4	0.1456	0	477.733	0
34	1	8.28	0	1286.97	0
34	2	0.11648	0	510.762	0
34	3	6.6	0	1214.05	0
34	4	0.1456	0	479.52	0
34.1	1	6.48	0	1290.33	0
34.1	2	0.13312	0	512.396	0
34.1	3	8.52	0	1218.51	0
34.1	4	0.1248	0	481.051	0
34.2	1	6.36	0	1293.66	0
34.2	2	0.1456	0	514.183	0
34.2	3	8.64	0	1223	0
34.2	4	0.11232	0	482.43	0
34.3	1	6.24	0	1296.97	0
34.3	2	0.1456	0	515.969	0
34.3	3	8.76	0	1227.58	0
34.3	4	0.11648	0	483.859	0
34.4	1	6.48	0	1300.46	0
34.4	2	0.14976	0	517.807	0
34.4	3	8.52	0	1232.12	0
34.4	4	0.11232	0	485.238	0
34.5	1	8.64	0	1305.06	0
34.5	2	0.1248	0	519.339	0
34.5	3	6.36	0	1235.56	0
34.5	4	0.13312	0	486.871	0
34.6	1	8.76	0	1309.84	0
34.6	2	0.10816	0	520.666	0
34.6	3	6.12	0	1238.93	0
34.6	4	0.15392	0	488.76	0
34.7	1	8.64	0	1314.61	0
34.7	2	0.104	0	521.942	0
34.7	3	6.36	0	1242.43	0
34.7	4	0.15392	0	490.649	0
34.8	1	7.08	0	1318.61	0
34.8	2	0.11232	0	523.321	0
34.8	3	7.92	0	1246.78	0
34.8	4	0.1456	0	492.436	0
34.9	1	6.12	0	1322.04	0
34.9	2	0.15392	0	525.21	0
34.9	3	8.88	0	1251.75	0
34.9	4	0.10816	0	493.763	0
35	1	6	0	1325.41	0
35	2	0.15392	0	527.098	0
35	3	9	0	1256.86	0
35	4	0.104	0	495.039	0
35.1	1	7.44	0	1329.66	0
35.1	2	0.15392	0	528.987	0
35.1	3	7.56	0	1261.24	0
35.1	4	0.10816	0	496.367	0
35.2	1	8.88	0	1334.8	0
35.2	2	0.09984	0	530.213	0
35.2	3	6	0	1264.69	0
35.2	4	0.15808	0	498.307	0
35.3	1	9	0	1340.11	0
35.3	2	0.09984	0	531.438	0
35.3	3	6	0	1268.15	0
35.3	4	0.15808	0	500.246	0
35.4	1	7.08	0	1344.26	0
35.4	2	0.11232	0	532.816	0
35.4	3	7.92	0	1272.79	0
35.4	4	0.14976	0	502.084	0
35.5	1	5.76	0	1347.66	0
35.5	2	0.15808	0	534.756	0
35.5	3	9.24	0	1278.28	0
35.5	4	0.09984	0	503.309	0
35.6	1	5.64	0	1351.04	0
35.6	2	0.15808	0	536.696	0
35.6	3	9.36	0	1283.95	0
35.6	4	0.09984	0	504.535	0
35.7	1	9	0	1356.49	0
35.7	2	0.12896	0	538.279	0
35.7	3	6	0	1287.55	0
35.7	4	0.13312	0	506.168	0
35.8	1	9.24	0	1362.18	0
35.8	2	0.09568	0	539.453	0
35.8	3	5.64	0	1290.96	0
35.8	4	0.16224	0	508.159	0
35.9	1	7.8	0	1366.96	0
35.9	2	0.09568	0	540.627	0
35.9	3	7.2	0	1295.37	0
35.9	4	0.16224	0	510.15	0
36	1	5.52	0	1370.36	0
36	2	0.16224	0	542.618	0
36	3	9.48	0	1301.24	0
36	4	0.09984	0	511.375	0
36.1	1	5.52	0	1373.8	0
36.1	2	0.16224	0	544.609	0
36.1	3	9.48	0	1307.24	0
36.1	4	0.09568	0	512.55	0
36.2	1	9.36	0	1379.73	0
36.2	2	0.1248	0	546.14	0
36.2	3	5.64	0	1310.77	0
36.2	4	0.13728	0	514.234	0
36.3	1	9.48	0	1385.74	0
36.3	2	0.09568	0	547.314	0
36.3	3	5.52	0	1314.24	0
36.3	4	0.1664	0	516.276	0
36.4	1	6.6	0	1390	0
36.4	2	0.10816	0	548.642	0
36.4	3	8.28	0	1319.54	0
36.4	4	0.14976	0	518.114	0
36.5	1	5.4	0	1393.48	0
36.5	2	0.1664	0	550.684	0
36.5	3	9.6	0	1325.74	0
36.5	4	0.09152	0	519.237	0
36.6	1	7.32	0	1398.17	0
36.6	2	0.1664	0	552.726	0
36.6	3	7.68	0	1330.79	0
36.6	4	0.09152	0	520.36	0
36.7	1	9.6	0	1404.43	0
36.7	2	0.09152	0	553.849	0
36.7	3	5.4	0	1334.33	0
36.7	4	0.17056	0	522.453	0
36.8	1	8.52	0	1410.05	0
36.8	2	0.09152	0	554.972	0
36.8	3	6.48	0	1338.56	0
36.8	4	0.17056	0	524.546	0
36.9	1	5.04	0	1413.43	0
36.9	2	0.15392	0	556.861	0
36.9	3	9.96	0	1345.17	0
36.9	4	0.104	0	525.823	0
37	1	6	0	1417.47	0
37	2	0.17056	0	558.954	0
37	3	8.88	0	1351.14	0
37	4	0.09152	0	526.946	0
37.1	1	9.84	0	1424.02	0
37.1	2	0.10816	0	560.281	0
37.1	3	5.16	0	1354.62	0
37.1	4	0.1456	0	528.733	0
37.2	1	9.24	0	1430.3	0
37.2	2	0.08736	0	561.353	0
37.2	3	5.76	0	1358.53	0
37.2	4	0.17472	0	530.877	0
37.3	1	4.92	0	1433.67	0
37.3	2	0.1456	0	563.14	0
37.3	3	10.08	0	1365.45	0
37.3	4	0.11232	0	532.255	0
37.4	1	5.64	0	1437.54	0
37.4	2	0.17056	0	565.233	0
37.4	3	9.36	0	1371.84	0
37.4	4	0.09152	0	533.378	0
37.5	1	9.96	0	1444.5	0
37.5	2	0.11232	0	566.611	0
37.5	3	5.04	0	1375.32	0
37.5	4	0.1456	0	535.165	0
37.6	1	9	0	1450.73	0
37.6	2	0.08736	0	567.684	0
37.6	3	5.88	0	1379.4	0
37.6	4	0.17472	0	537.309	0
37.7	1	4.8	0	1454.1	0
37.7	2	0.14976	0	569.521	0
37.7	3	10.2	0	1386.56	0
37.7	4	0.10816	0	538.636	0
37.8	1	6.48	0	1458.67	0
37.8	2	0.17472	0	571.665	0
37.8	3	8.52	0	1392.64	0
37.8	4	0.0832	0	539.657	0
37.9	1	10.08	0	1465.86	0
37.9	2	0.09568	0	572.84	0
37.9	3	4.92	0	1396.12	0
37.9	4	0.1664	0	541.699	0
38	1	7.68	0	1471.42	0
38	2	0.07904	0	573.81	0
38	3	7.32	0	1401.31	0
38	4	0.17888	0	543.895	0
38.1	1	4.68	0	1474.8	0
38.1	2	0.17888	0	576.005	0
38.1	3	10.32	0	1408.74	0
38.1	4	0.0832	0	544.916	0
38.2	1	8.16	0	1480.67	0
38.2	2	0.16224	0	577.996	0
38.2	3	6.72	0	1413.62	0
38.2	4	0.09568	0	546.09	0
38.3	1	10.44	0	1488.29	0
38.3	2	0.07904	0	578.966	0
38.3	3	4.56	0	1416.96	0
38.3	4	0.18304	0	548.336	0
38.4	1	5.28	0	1492.2	0
38.4	2	0.11648	0	580.395	0
38.4	3	9.72	0	1424.15	0
38.4	4	0.14144	0	550.072	0
38.5	1	5.04	0	1495.93	0
38.5	2	0.17888	0	582.59	0
38.5	3	9.96	0	1431.45	0
38.5	4	0.07904	0	551.042	0
38.6	1	10.44	0	1503.75	0
38.6	2	0.11648	0	584.02	0
38.6	3	4.56	0	1434.85	0
38.6	4	0.1456	0	552.828	0
38.7	1	8.28	0	1509.93	0
38.7	2	0.07488	0	584.939	0
38.7	3	6.72	0	1439.86	0
38.7	4	0.18304	0	555.075	0
38.8	1	4.2	0	1513.07	0
38.8	2	0.17472	0	587.083	0
38.8	3	10.68	0	1447.91	0
38.8	4	0.08736	0	556.147	0
38.9	1	8.76	0	1519.7	0
38.9	2	0.15808	0	589.023	0
38.9	3	6.29184	0	1453.26	0
38.9	4	0.09984	0	557.372	0
39	1	10.32	0	1527.65	0
39	2	0.07072	0	589.89	0
39	3	4.61504	0	1457.55	0
39	4	0.21632	0	560.026	0
39.1	1	3.96	0	1530.59	0
39.1	2	0.13728	0	591.575	0
39.1	3	11.0016	0	1469.17	0
39.1	4	0.1664	0	562.068	0
39.2	1	7.56	0	1536.44	0
39.2	2	0.1872	0	593.872	0
39.2	3	7.4736	0	1477.14	0
39.2	4	0.09984	0	563.294	0
39.3	1	9.96416	0	1545.95	0
39.3	2	0.0832	0	594.893	0
39.3	3	4.9872	0	1482.51	0
39.3	4	0.2496	0	566.357	0
39.4	1	5.76736	0	1551.68	0
39.4	2	0.1872	0	597.191	0
39.4	3	9.23904	1	1493.01	0
39.4	4	0.15808	0	568.297	0
39.5	1	8.42624	0	1560.52	0
39.5	2	0.19552	0	599.59	0
39.5	3	6.504	1	1500.07	0
39.5	4	0.25728	0	571.156	0
39.6	1	9.09664	0	1568.97	0
39.6	2	0.17888	0	601.785	0
39.6	3	5.91392	0	1505.89	0
39.6	4	0.40736	0	575.496	0
39.7	1	10.5373	0	1575.73	0
39.7	2	0.2496	0	604.848	0
39.7	3	2.03136	0	1506.9	0
39.7	4	0.14144	0	577.231	0
39.8	1	7.6048	0	1580.89	0
39.8	2	0.2496	0	607.911	0
39.8	3	5.04	0	1509.83	0
39.8	4	0.00416	0	577.282	0
39.9	1	9.80768	0	1588.58	0
39.9	2	0.22464	0	610.668	0
39.9	3	5.16	0	1512.26	0
39.9	4	0.08736	0	578.354	0
40	1	10.4851	0	1595.27	0
40	2	0.2288	0	613.476	0
40	3	4.56	0	1514.44	0
40	4	0.09152	0	579.478	0
40.1	1	11.0016	0	1602.39	0
40.1	2	0.2288	0	616.284	0
40.1	3	3.96	0	1516.33	0
40.1	4	0.09152	0	580.601	0
40.2	1	11.0016	0	1609.62	0
40.2	2	0.22048	0	618.989	0
40.2	3	3.96	0	1518.24	0
40.2	4	0.09152	0	581.724	0
40.3	1	11.0016	0	1616.75	0
40.3	2	0.2288	0	621.797	0
40.3	3	3.96	0	1520.16	0
40.3	4	0.09152	0	582.847	0
40.4	1	10.0179	0	1623.39	0
40.4	2	0.22464	0	624.554	0
40.4	3	4.92	0	1522.54	0
40.4	4	0.09568	0	584.021	0
40.5	1	9.53408	0	1629.65	0
40.5	2	0.22464	0	627.31	0
40.5	3	5.52	0	1525.25	0
40.5	4	0.09568	0	585.195	0
40.6	1	9.28	0	1635.85	0
40.6	2	0.23712	0	630.22	0
40.6	3	5.64	0	1528.02	0
40.6	4	0.0832	0	586.216	0
40.7	1	9.4112	0	1642.15	0
40.7	2	0.25792	0	633.385	0
40.7	3	5.52	0	1530.77	0
40.7	4	0.06656	0	587.033	0
40.8	1	9.5424	0	1648.54	0
40.8	2	0.25792	0	636.551	0
40.8	3	5.52	0	1533.51	0
40.8	4	0.07072	0	587.901	0
40.9	1	9.31808	0	1654.76	0
40.9	2	0.25792	0	639.716	0
40.9	3	5.64	0	1536.35	0
40.9	4	0.07072	0	588.769	0
41	1	9.25024	0	1661.05	0
41	2	0.22048	0	642.421	0
41	3	5.76	0	1539.26	0
41	4	0.09568	0	589.943	0
41.1	1	10.6573	0	1668.33	0
41.1	2	0.21216	0	645.025	0
41.1	3	4.32	0	1541.46	0
41.1	4	0.09984	0	591.168	0
41.2	1	11.0016	0	1675.96	0
41.2	2	0.21632	0	647.68	0
41.2	3	3.96	0	1543.48	0
41.2	4	0.09984	0	592.393	0
41.3	1	11.0016	0	1683.48	0
41.3	2	0.21216	0	650.283	0
41.3	3	3.96	0	1545.5	0
41.3	4	0.09984	0	593.619	0
41.4	1	9.6736	0	1690.24	0
41.4	2	0.21632	0	652.938	0
41.4	3	5.28	0	1548.23	0
41.4	4	0.104	0	594.895	0
41.5	1	9.0176	0	1696.46	0
41.5	2	0.21216	0	655.541	0
41.5	3	6	0	1551.33	0
41.5	4	0.104	0	596.171	0
41.6	1	8.76352	0	1702.61	0
41.6	2	0.25792	0	658.706	0
41.6	3	6.12	0	1554.53	0
41.6	4	0.06656	0	596.988	0
41.7	1	8.98496	0	1709.02	0
41.7	2	0.25792	0	661.872	0
41.7	3	6	0	1557.67	0
41.7	4	0.07072	0	597.856	0
41.8	1	8.9328	0	1715.32	0
41.8	2	0.25376	0	664.986	0
41.8	3	6.12	0	1560.9	0
41.8	4	0.07072	0	598.724	0
41.9	1	9.63552	0	1722.2	0
41.9	2	0.208	0	667.538	0
41.9	3	5.28	0	1563.7	0
41.9	4	0.10816	0	600.051	0
42	1	11.0016	0	1730.12	0
42	2	0.20384	0	670.04	0
42	3	3.96	0	1565.8	0
42	4	0.10816	0	601.378	0
42.1	1	11.0016	0	1738.14	0
42.1	2	0.19968	0	672.49	0
42.1	3	3.96	0	1567.93	0
42.1	4	0.10816	0	602.705	0
42.2	1	9.32928	0	1744.91	0
42.2	2	0.20384	0	674.991	0
42.2	3	5.64	0	1570.96	0
42.2	4	0.10816	0	604.033	0
42.3	1	8.63232	0	1751.11	0
42.3	2	0.22048	0	677.697	0
42.3	3	6.36	0	1574.4	0
42.3	4	0.09984	0	605.258	0
42.4	1	8.5504	0	1757.36	0
42.4	2	0.25792	0	680.862	0
42.4	3	6.48	0	1577.92	0
42.4	4	0.07072	0	606.126	0
42.5	1	8.29632	0	1763.53	0
42.5	2	0.25792	0	684.027	0
42.5	3	6.6	0	1581.53	0
42.5	4	0.06656	0	606.943	0
42.6	1	9.19808	0	1770.43	0
42.6	2	0.21632	0	686.682	0
42.6	3	5.88	0	1584.77	0
42.6	4	0.09984	0	608.168	0
42.7	1	11.0016	0	1778.55	0
42.7	2	0.19552	0	689.081	0
42.7	3	3.96	0	1586.95	0
42.7	4	0.11232	0	609.546	0
42.8	1	11.0016	0	1786.77	0
42.8	2	0.19552	0	691.481	0
42.8	3	3.96	0	1589.14	0
42.8	4	0.11648	0	610.976	0
42.9	1	9.01472	0	1793.54	0
42.9	2	0.19552	0	693.88	0
42.9	3	6	0	1592.49	0
42.9	4	0.11648	0	612.405	0
43	1	8.08608	0	1799.7	0
43	2	0.2288	0	696.688	0
43	3	6.84	0	1596.31	0
43	4	0.09152	0	613.528	0
43.1	1	8.28512	0	1805.99	0
43.1	2	0.25792	0	699.853	0
43.1	3	6.72	0	1600.1	0
43.1	4	0.06656	0	614.345	0
43.2	1	8.13536	0	1812.23	0
43.2	2	0.2496	0	702.916	0
43.2	3	6.84	0	1603.96	0
43.2	4	0.07488	0	615.264	0
43.3	1	10.4851	0	1820.25	0
43.3	2	0.19136	0	705.264	0
43.3	3	4.44	0	1606.49	0
43.3	4	0.12064	0	616.744	0
43.4	1	11.0016	0	1828.76	0
43.4	2	0.18304	0	707.511	0
43.4	3	3.96	0	1608.75	0
43.4	4	0.12064	0	618.225	0
43.5	1	9.32928	0	1836.13	0
43.5	2	0.1872	0	709.808	0
43.5	3	5.64	0	1611.97	0
43.5	4	0.12064	0	619.705	0
43.6	1	8.07488	0	1842.33	0
43.6	2	0.22048	0	712.514	0
43.6	3	6.96	0	1615.99	0
43.6	4	0.09984	0	620.93	0
43.7	1	8.03392	0	1848.51	0
43.7	2	0.25792	0	715.679	0
43.7	3	6.96	0	1620.01	0
43.7	4	0.07072	0	621.798	0
43.8	1	7.91104	0	1854.7	0
43.8	2	0.2496	0	718.742	0
43.8	3	7.08	0	1624.14	0
43.8	4	0.07072	0	622.666	0
43.9	1	10.6573	0	1863.04	0
43.9	2	0.18304	0	720.988	0
43.9	3	4.32	0	1626.67	0
43.9	4	0.1248	0	624.198	0
44	1	11.0016	0	1871.75	0
44	2	0.18304	0	723.234	0
44	3	3.96	0	1628.98	0
44	4	0.1248	0	625.729	0
44.1	1	8.6816	0	1878.72	0
44.1	2	0.18304	0	725.48	0
44.1	3	6.24	0	1632.67	0
44.1	4	0.1248	0	627.261	0
44.2	1	7.77152	0	1884.79	0
44.2	2	0.23296	0	728.339	0
44.2	3	7.2	0	1636.92	0
44.2	4	0.08736	0	628.333	0
44.3	1	7.64576	0	1890.92	0
44.3	2	0.25792	0	731.504	0
44.3	3	7.32	0	1641.28	0
44.3	4	0.07072	0	629.201	0
44.4	1	8.90592	0	1898.1	0
44.4	2	0.22048	0	734.21	0
44.4	3	6.12	0	1644.94	0
44.4	4	0.09568	0	630.375	0
44.5	1	11.0016	0	1907.02	0
44.5	2	0.17472	0	736.354	0
44.5	3	3.96	0	1647.3	0
44.5	4	0.12896	0	631.957	0
44.6	1	10.0179	0	1915.31	0
44.6	2	0.17472	0	738.498	0
44.6	3	4.92	0	1650.28	0
44.6	4	0.12896	0	633.54	0
44.7	1	7.59936	0	1921.35	0
44.7	2	0.20384	0	741	0
44.7	3	7.44	0	1654.77	0
44.7	4	0.11232	0	634.918	0
44.8	1	7.43552	0	1927.42	0
44.8	2	0.25792	0	744.165	0
44.8	3	7.56	0	1659.37	0
44.8	4	0.06656	0	635.735	0
44.9	1	7.952	0	1933.96	0
44.9	2	0.24128	0	747.126	0
44.9	3	6.96	0	1663.62	0
44.9	4	0.0832	0	636.756	0
45	1	11.0016	0	1943.08	0
45	2	0.17056	0	749.219	0
45	3	3.96	0	1666.04	0
45	4	0.13312	0	638.39	0
45.1	1	10.4032	0	1951.85	0
45.1	2	0.1664	0	751.261	0
45.1	3	4.56	0	1668.85	0
45.1	4	0.13312	0	640.023	0
45.2	1	7.33408	0	1957.8	0
45.2	2	0.19552	0	753.66	0
45.2	3	7.68	0	1673.59	0
45.2	4	0.11648	0	641.453	0
45.3	1	7.18432	0	1963.78	0
45.3	2	0.25792	0	756.825	0
45.3	3	7.8	0	1678.43	0
45.3	4	0.07072	0	642.321	0
45.4	1	8.0832	0	1970.62	0
45.4	2	0.24128	0	759.786	0
45.4	3	6.84	0	1682.7	0
45.4	4	0.0832	0	643.342	0
45.5	1	11.0016	0	1979.93	0
45.5	2	0.16224	0	761.777	0
45.5	3	3.96	0	1685.17	0
45.5	4	0.13728	0	645.026	0
45.6	1	9.88672	0	1988.43	0
45.6	2	0.16224	0	763.768	0
45.6	3	5.16	0	1688.41	0
45.6	4	0.13728	0	646.711	0
45.7	1	7.08288	0	1994.3	0
45.7	2	0.208	0	766.321	0
45.7	3	7.92	0	1693.4	0
45.7	4	0.10816	0	648.038	0
45.8	1	6.83712	0	2000.17	0
45.8	2	0.25792	0	769.486	0
45.8	3	8.04	0	1698.49	0
45.8	4	0.07072	0	648.906	0
45.9	1	9.19808	0	2008.07	0
45.9	2	0.21632	0	772.14	0
45.9	3	5.88	0	1702.23	0
45.9	4	0.09984	0	650.131	0
46	1	11.0016	0	2017.58	0
46	2	0.15392	0	774.029	0
46	3	3.96	0	1704.76	0
46	4	0.14144	0	651.867	0
46.1	1	8.33728	0	2024.87	0
46.1	2	0.16224	0	776.02	0
46.1	3	6.6	0	1708.98	0
46.1	4	0.14144	0	653.603	0
46.2	1	6.8288	0	2030.72	0
46.2	2	0.24128	0	778.981	0
46.2	3	8.16	0	1714.23	0
46.2	4	0.0832	0	654.624	0
46.3	1	6.83712	0	2036.7	0
46.3	2	0.25792	0	782.146	0
46.3	3	8.16	0	1719.49	0
46.3	4	0.06656	0	655.441	0
46.4	1	11.0016	0	2046.31	0
46.4	2	0.1664	0	784.188	0
46.4	3	3.96	0	1722.07	0
46.4	4	0.13728	0	657.125	0
46.5	1	10.4032	0	2055.56	0
46.5	2	0.15392	0	786.077	0
46.5	3	4.56	0	1725.04	0
46.5	4	0.1456	0	658.912	0
46.6	1	6.5664	0	2061.19	0
46.6	2	0.19552	0	788.477	0
46.6	3	8.4	0	1730.5	0
46.6	4	0.11648	0	660.341	0
46.7	1	6.4928	0	2067	0
46.7	2	0.25792	0	791.642	0
46.7	3	8.52	0	1736.1	0
46.7	4	0.06656	0	661.158	0
46.8	1	9.5424	0	2075.54	0
46.8	2	0.20384	0	794.143	0
46.8	3	5.4	0	1739.65	0
46.8	4	0.10816	0	662.486	0
46.9	1	11.0016	0	2085.25	0
46.9	2	0.15392	0	796.032	0
46.9	3	3.96	0	1742.26	0
46.9	4	0.1456	0	664.272	0
47	1	7.47648	0	2091.9	0
47	2	0.15808	0	797.972	0
47	3	7.56	0	1747.28	0
47	4	0.1456	0	666.059	0
47.1	1	6.3504	0	2097.54	0
47.1	2	0.25792	0	801.137	0
47.1	3	8.64	0	1753.02	0
47.1	4	0.06656	0	666.876	0
47.2	1	8.17632	0	2104.97	0
47.2	2	0.23712	0	804.047	0
47.2	3	6.72	0	1757.52	0
47.2	4	0.08736	0	667.948	0
47.3	1	11.0016	0	2114.98	0
47.3	2	0.14144	0	805.783	0
47.3	3	3.96	0	1760.17	0
47.3	4	0.14976	0	669.786	0
47.4	1	8.33728	0	2122.49	0
47.4	2	0.14976	0	807.62	0
47.4	3	6.72	0	1764.68	0
47.4	4	0.14976	0	671.624	0
47.5	1	6.2192	0	2128.04	0
47.5	2	0.24544	0	810.632	0
47.5	3	8.76	0	1770.6	0
47.5	4	0.0832	0	672.645	0
47.6	1	7.44672	0	2134.9	0
47.6	2	0.25376	0	813.746	0
47.6	3	7.44	0	1775.64	0
47.6	4	0.07072	0	673.512	0
47.7	1	11.0016	0	2145.01	0
47.7	2	0.14144	0	815.482	0
47.7	3	4.08	0	1778.4	0
47.7	4	0.15392	0	675.401	0
47.8	1	8.5504	0	2152.91	0
47.8	2	0.14144	0	817.218	0
47.8	3	6.36	0	1782.75	0
47.8	4	0.15392	0	677.29	0
47.9	1	6.0992	0	2158.47	0
47.9	2	0.23712	0	820.128	0
47.9	3	8.88	0	1788.83	0
47.9	4	0.08736	0	678.362	0
48	1	7.3536	0	2165.32	0
48	2	0.25792	0	823.293	0
48	3	7.68	0	1794.1	0
48	4	0.06656	0	679.179	0
48.1	1	11.0016	0	2175.53	0
48.1	2	0.13728	0	824.978	0
48.1	3	3.96	0	1796.84	0
48.1	4	0.15808	0	681.119	0
48.2	1	8.45728	0	2183.42	0
48.2	2	0.14144	0	826.713	0
48.2	3	6.48	0	1801.32	0
48.2	4	0.15808	0	683.059	0
48.3	1	5.71392	0	2188.77	0
48.3	2	0.23712	0	829.623	0
48.3	3	9.24	0	1807.73	0
48.3	4	0.0832	0	684.08	0
48.4	1	7.832	0	2196.24	0
48.4	2	0.24544	0	832.635	0
48.4	3	7.2	0	1812.75	0
48.4	4	0.07488	0	684.999	0
48.5	1	11.0016	0	2206.56	0
48.5	2	0.13312	0	834.269	0
48.5	3	3.96	0	1815.5	0
48.5	4	0.15808	0	686.939	0
48.6	1	7.8096	0	2213.86	0
48.6	2	0.14144	0	836.004	0
48.6	3	7.2	0	1820.55	0
48.6	4	0.16224	0	688.93	0
48.7	1	5.512	0	2219.18	0
48.7	2	0.25376	0	839.119	0
48.7	3	9.36	0	1827.13	0
48.7	4	0.07072	0	689.797	0
48.8	1	8.6816	0	2227.49	0
48.8	2	0.2288	0	841.926	0
48.8	3	6.36	0	1831.59	0
48.8	4	0.09152	0	690.921	0
48.9	1	10.7885	0	2237.95	0
48.9	2	0.1248	0	843.458	0
48.9	3	4.2	0	1834.55	0
48.9	4	0.16224	0	692.912	0
49	1	6.61568	0	2244.22	0
49	2	0.16224	0	845.449	0
49	3	8.28	0	1840.44	0
49	4	0.14144	0	694.647	0
49.1	1	5.57984	0	2249.6	0
49.1	2	0.25792	0	848.614	0
49.1	3	9.48	0	1847.16	0
49.1	4	0.07072	0	695.515	0
49.2	1	10.0208	0	2259.31	0
49.2	2	0.19136	0	850.962	0
49.2	3	4.92	0	1850.66	0
49.2	4	0.11648	0	696.945	0
49.3	1	9.44928	0	2268.57	0
49.3	2	0.12896	0	852.545	0
49.3	3	5.52	0	1854.59	0
49.3	4	0.1664	0	698.987	0
49.4	1	6.06112	0	2274.41	0
49.4	2	0.19552	0	854.944	0
49.4	3	8.88	0	1860.96	0
49.4	4	0.11232	0	700.365	0
49.5	1	6.4928	0	2280.92	0
49.5	2	0.24128	0	857.905	0
49.5	3	8.52	0	1867.08	0
49.5	4	0.0832	0	701.386	0
49.6	1	11.0016	0	2291.69	0
49.6	2	0.16224	0	859.896	0
49.6	3	3.96	0	1869.89	0
49.6	4	0.13728	0	703.071	0
49.7	1	7.47648	0	2298.98	0
49.7	2	0.1248	0	861.428	0
49.7	3	7.56	0	1875.34	0
49.7	4	0.1664	0	705.113	0
49.8	1	6.05824	0	2304.97	0
49.8	2	0.24544	0	864.44	0
49.8	3	8.88	0	1881.78	0
49.8	4	0.07904	0	706.083	0
49.9	1	8.46848	0	2313.48	0
49.9	2	0.19552	0	866.839	0
49.9	3	6.48	0	1886.43	0
49.9	4	0.11648	0	707.512	0
