1.1	1	0	0	0.0510619	0
1.1	2	0	0	0	0
1.1	3	0	0	0	0
1.2	1	1.20416	0	0.673417	0
1.2	2	0.00448	0	0.0510619	0
1.2	3	0.00448	0	0.0510619	0
1.2	4	0.00448	0	0.0510619	0
1.3	1	2.16	0	1.69335	0
1.3	2	1.20416	0	0.673417	0
1.3	3	0.0208	0	0.30635	0
1.3	4	0.0208	0	0.30635	0
1.4	1	4.32	0	3.92949	0
1.4	2	2.16	0	1.69335	0
1.4	3	0.03744	0	0.765868	0
1.4	4	0.03744	0	0.765868	0
1.5	1	4.2	0	6.09399	0
1.5	2	4.32	0	3.92949	0
1.5	3	0.07488	0	1.68491	0
1.5	4	0.07488	0	1.68491	0
1.6	1	4.44	0	9.05061	0
1.6	2	7.56	0	9.65983	0
1.6	3	0.14976	0	3.52298	0
1.6	4	0.02496	0	1.99125	0
1.7	1	9.23008	1	18.9041	0
1.7	2	2.76	1	11.9618	0
1.7	3	0.08736	0	4.59519	0
1.7	4	0.1248	0	3.52298	0
1.8	1	4.72896	1	24.6044	0
1.8	2	7.1536	1	21.3406	0
1.8	3	0.15904	0	6.48439	0
1.8	4	0.11232	0	4.90153	0
1.9	1	6.04288	1	33.5798	0
1.9	2	5.92992	1	29.6526	0
1.9	3	0.312	0	9.80369	0
1.9	4	0.25824	0	7.71009	0
2	1	5.98272	0	39.766	0
2	2	6.00704	1	37.0142	0
2	3	0.3184	0	12.9191	0
2	4	0.34784	0	11.0299	0
2.1	1	2.4592	0	41.6513	0
2.1	2	5.15552	0	40.9298	0
2.1	3	0.2032	0	15.2169	0
2.1	4	0.30496	0	13.9411	0
2.2	1	10.8304	0	50.4387	0
2.2	2	0.84	0	41.5871	0
2.2	3	0.09984	0	16.4422	0
2.2	4	0.06144	0	14.6559	0
2.3	1	2.9184	1	53.9575	0
2.3	2	9.12	1	51.8628	0
2.3	3	0.09152	0	17.5655	0
2.3	4	0.11648	0	16.0855	0
2.4	1	6.78816	1	64.2624	0
2.4	2	5.18368	1	58.2355	0
2.4	3	0.14976	0	19.4036	0
2.4	4	0.14336	0	17.7195	0
2.5	1	5.92288	2	72.7022	0
2.5	2	6.09504	1	67.3242	0
2.5	3	0.30176	0	22.6207	0
2.5	4	0.32	0	21.0899	0
2.6	1	5.99488	0	79.2764	0
2.6	2	5.9104	1	72.8764	0
2.6	3	0.3584	0	25.8897	0
2.6	4	0.3056	0	24.1031	0
2.7	1	2.87552	0	81.383	0
2.7	2	2.97312	0	74.9334	0
2.7	3	0.2544	0	28.4942	0
2.7	4	0.20064	0	26.4009	0
2.8	1	1.68	0	82.9203	0
2.8	2	10.2643	0	83.5472	0
2.8	3	0	0	28.4942	0
2.8	4	0.10816	0	27.7284	0
2.9	1	8.64	1	94.1556	0
2.9	2	3.37152	1	87.5236	0
2.9	3	0.1248	0	30.0259	0
2.9	4	0.08736	0	28.8006	0
3	1	5.1392	1	100.527	0
3	2	6.77952	2	98.0895	0
3	3	0.15968	0	31.8131	0
3	4	0.1648	0	30.7919	0
3.1	1	6.0768	1	109.526	0
3.1	2	5.95968	2	106.004	0
3.1	3	0.32512	0	35.1836	0
3.1	4	0.32864	0	34.1114	0
3.2	1	6.24544	0	115.122	0
3.2	2	5.74528	0	111.958	0
3.2	3	0.29216	0	38.0946	0
3.2	4	0.36448	0	37.2274	0
3.3	1	3.85824	0	117.431	0
3.3	2	2.25312	0	113.379	0
3.3	3	0.18496	0	40.2391	0
3.3	4	0.21536	0	39.3213	0
3.4	1	7.68	0	123.985	0
3.4	2	4.32	0	117.052	0
3.4	3	0.14144	0	41.9751	0
3.4	4	0	0	39.3213	0
3.5	1	7.08	1	130.352	0
3.5	2	4.8	0	122.759	0
3.5	3	0.05824	0	42.6899	0
3.5	4	0.14976	0	41.1594	0
3.6	1	5.04	0	134.949	0
3.6	2	6.96	1	129.251	0
3.6	3	0.17024	0	44.7323	0
3.6	4	0.05408	0	41.8232	0
3.7	1	6.72	1	141.416	0
3.7	2	5.28	0	134.201	0
3.7	3	0.2112	0	46.9792	0
3.7	4	0.14848	0	43.5592	0
3.8	1	5.07104	0	146.048	0
3.8	2	6.89408	0	140.608	0
3.8	3	0.25408	0	49.6347	0
3.8	4	0.2352	0	46.0615	0
3.9	1	6.87104	0	150.718	0
3.9	2	5.16	0	144.018	0
3.9	3	0.2336	0	52.1879	0
3.9	4	0.1936	0	48.2571	0
4	1	4.44	0	154.187	0
4	2	7.56	0	150.206	0
4	3	0.04576	0	52.7495	0
4	4	0.2288	0	51.0653	0
4.1	1	4.92	0	157.92	0
4.1	2	7.08	0	154.332	0
4.1	3	0.12896	0	54.3323	0
4.1	4	0.07904	0	52.0354	0
4.2	1	5.76	0	161.381	0
4.2	2	6.24	0	158.118	0
4.2	3	0.13312	0	55.9662	0
4.2	4	0.07488	0	52.9544	0
4.3	1	7.8	0	166.277	0
4.3	2	4.08	0	160.646	0
4.3	3	0.0832	0	56.9873	0
4.3	4	0.1248	0	54.4862	0
4.4	1	7.68	0	171.198	0
4.4	2	4.32	0	163.352	0
4.4	3	0.07904	0	57.9574	0
4.4	4	0.12896	0	56.0689	0
4.5	1	4.44	0	174.135	0
4.5	2	7.56	0	168.324	0
4.5	3	0.11648	0	59.387	0
4.5	4	0.09152	0	57.1922	0
4.6	1	4.44	0	177.107	0
4.6	2	7.56	0	173.42	0
4.6	3	0.14144	0	61.123	0
4.6	4	0.06656	0	58.0091	0
4.7	1	8.16	0	182.615	0
4.7	2	3.84	0	176.032	0
4.7	3	0.104	0	62.3994	0
4.7	4	0.104	0	59.2856	0
4.8	1	8.04	0	188.24	0
4.8	2	3.96	0	178.743	0
4.8	3	0.07488	0	63.3185	0
4.8	4	0.13312	0	60.9194	0
4.9	1	4.2	0	191.201	0
4.9	2	7.8	0	184.261	0
4.9	3	0.11232	0	64.697	0
4.9	4	0.09568	0	62.0937	0
5	1	4.8	0	194.61	0
5	2	7.08	0	189.323	0
5	3	0.14976	0	66.5351	0
5	4	0.05824	0	62.8085	0
5.1	1	8.64	0	200.919	0
5.1	2	3.36	0	191.768	0
5.1	3	0.0832	0	67.5562	0
5.1	4	0.12064	0	64.2892	0
5.2	1	6.48	0	205.649	0
5.2	2	5.52	0	195.799	0
5.2	3	0.07072	0	68.4242	0
5.2	4	0.13728	0	65.9741	0
5.3	1	3.96	0	208.555	0
5.3	2	8.04	0	201.803	0
5.3	3	0.1456	0	70.2112	0
5.3	4	0.0624	0	66.74	0
5.4	1	7.08	0	213.786	0
5.4	2	4.92	0	205.477	0
5.4	3	0.13312	0	71.8451	0
5.4	4	0.07904	0	67.7101	0
5.5	1	8.76	0	220.401	0
5.5	2	3.24	0	207.897	0
5.5	3	0.06656	0	72.662	0
5.5	4	0.14144	0	69.446	0
5.6	1	3.84	0	223.301	0
5.6	2	8.16	0	214.06	0
5.6	3	0.10816	0	73.9895	0
5.6	4	0.09984	0	70.6714	0
5.7	1	5.16	0	227.199	0
5.7	2	6.84	0	219.282	0
5.7	3	0.15392	0	75.8786	0
5.7	4	0.05408	0	71.3352	0
5.8	1	9	0	234.145	0
5.8	2	2.88	0	221.493	0
5.8	3	0.07488	0	76.7977	0
5.8	4	0.12896	0	72.9179	0
5.9	1	5.28	0	238.177	0
5.9	2	6.72	0	226.681	0
5.9	3	0.07904	0	77.7678	0
5.9	4	0.12896	0	74.5007	0
6	1	3.84	0	241.109	0
6	2	8.16	0	232.912	0
6	3	0.15392	0	79.6569	0
6	4	0.05408	0	75.1645	0
6.1	1	8.64	0	247.707	0
6.1	2	3.36	0	235.477	0
6.1	3	0.10816	0	80.9844	0
6.1	4	0.09984	0	76.3899	0
6.2	1	7.2	0	253.205	0
6.2	2	4.8	0	239.143	0
6.2	3	0.06656	0	81.8013	0
6.2	4	0.14144	0	78.1258	0
6.3	1	3.84	0	256.137	0
6.3	2	8.16	0	245.374	0
6.3	3	0.13312	0	83.4351	0
6.3	4	0.07488	0	79.0449	0
6.4	1	6.72	0	261.268	0
6.4	2	5.28	0	249.405	0
6.4	3	0.14144	0	85.1711	0
6.4	4	0.06656	0	79.8618	0
6.5	1	8.88	0	268.049	0
6.5	2	3	0	251.696	0
6.5	3	0.06656	0	85.988	0
6.5	4	0.14144	0	81.5977	0
6.6	1	3.96	0	271.072	0
6.6	2	8.04	0	257.836	0
6.6	3	0.09984	0	87.2134	0
6.6	4	0.104	0	82.8742	0
6.7	1	4.92	0	274.83	0
6.7	2	7.08	0	263.241	0
6.7	3	0.15392	0	89.1025	0
6.7	4	0.05408	0	83.5379	0
6.8	1	8.88	0	281.611	0
6.8	2	3.12	0	265.624	0
6.8	3	0.0832	0	90.1237	0
6.8	4	0.1248	0	85.0697	0
6.9	1	5.88	0	286.1	0
6.9	2	6.12	0	270.298	0
6.9	3	0.07072	0	90.9917	0
6.9	4	0.13728	0	86.7546	0
7	1	3.84	0	289.032	0
7	2	8.16	0	276.529	0
7	3	0.15392	0	92.8808	0
7	4	0.05408	0	87.4183	0
7.1	1	8.04	0	295.172	0
7.1	2	3.96	0	279.552	0
7.1	3	0.11648	0	94.3104	0
7.1	4	0.09152	0	88.5416	0
7.2	1	7.8	0	301.128	0
7.2	2	4.2	0	282.76	0
7.2	3	0.06656	0	95.1273	0
7.2	4	0.14144	0	90.2775	0
7.3	1	3.72	0	303.969	0
7.3	2	8.16	0	288.991	0
7.3	3	0.1248	0	96.6591	0
7.3	4	0.0832	0	91.2987	0
7.4	1	6.24	0	308.734	0
7.4	2	5.76	0	293.389	0
7.4	3	0.14976	0	98.4971	0
7.4	4	0.05824	0	92.0135	0
7.5	1	8.88	0	315.515	0
7.5	2	3.12	0	295.771	0
7.5	3	0.06656	0	99.3141	0
7.5	4	0.14144	0	93.7494	0
7.6	1	4.56	0	318.997	0
7.6	2	7.44	0	301.453	0
7.6	3	0.09152	0	100.437	0
7.6	4	0.11648	0	95.1791	0
7.7	1	4.32	0	322.295	0
7.7	2	7.68	0	307.317	0
7.7	3	0.15392	0	102.326	0
7.7	4	0.05408	0	95.8428	0
7.8	1	8.88	0	329.076	0
7.8	2	3.12	0	309.699	0
7.8	3	0.09568	0	103.501	0
7.8	4	0.11232	0	97.2214	0
7.9	1	6.48	0	334.024	0
7.9	2	5.52	0	313.915	0
7.9	3	0.06656	0	104.318	0
7.9	4	0.14144	0	98.9573	0
8	1	3.72	0	336.864	0
8	2	8.16	0	320.146	0
8	3	0.1456	0	106.105	0
8	4	0.0624	0	99.7232	0
8.1	1	7.56	0	342.638	0
8.1	2	4.44	0	323.535	0
8.1	3	0.1248	0	107.636	0
8.1	4	0.07904	0	100.693	0
8.2	1	8.28	0	348.96	0
8.2	2	3.72	0	326.377	0
8.2	3	0.06656	0	108.453	0
8.2	4	0.14144	0	102.429	0
8.3	1	3.84	0	351.892	0
8.3	2	8.16	0	332.608	0
8.3	3	0.11648	0	109.883	0
8.3	4	0.09152	0	103.553	0
8.4	1	5.64	0	356.199	0
8.4	2	6.36	0	337.516	0
8.4	3	0.15392	0	111.772	0
8.4	4	0.05408	0	104.216	0
8.5	1	9	0	363.21	0
8.5	2	3	0	339.84	0
8.5	3	0.07072	0	112.64	0
8.5	4	0.14144	0	105.952	0
8.6	1	4.68	0	366.899	0
8.6	2	7.32	0	345.554	0
8.6	3	0.08736	0	113.712	0
8.6	4	0.12064	0	107.433	0
8.7	1	4.44	0	370.403	0
8.7	2	7.56	0	351.57	0
8.7	3	0.15808	0	115.652	0
8.7	4	0.04992	0	108.046	0
8.8	1	9.24	0	377.769	0
8.8	2	2.64	0	353.681	0
8.8	3	0.0832	0	116.674	0
8.8	4	0.12064	0	109.526	0
8.9	1	5.28	0	381.966	0
8.9	2	6.72	0	359.106	0
8.9	3	0.07488	0	117.593	0
8.9	4	0.13312	0	111.16	0
9	1	4.2	0	385.322	0
9	2	7.8	0	365.383	0
9	3	0.15808	0	119.533	0
9	4	0.04992	0	111.773	0
9.1	1	8.88	0	392.549	0
9.1	2	3.12	0	367.913	0
9.1	3	0.09568	0	120.707	0
9.1	4	0.11232	0	113.151	0
9.2	1	5.64	0	397.159	0
9.2	2	6.36	0	373.214	0
9.2	3	0.07904	0	121.677	0
9.2	4	0.12896	0	114.734	0
9.3	1	4.8	0	401.181	0
9.3	2	7.2	0	379.226	0
9.3	3	0.14976	0	123.515	0
9.3	4	0.05824	0	115.449	0
9.4	1	7.92	0	407.874	0
9.4	2	4.08	0	382.621	0
9.4	3	0.09152	0	124.639	0
9.4	4	0.11648	0	116.879	0
9.5	1	5.4	0	412.291	0
9.5	2	6.48	0	388.408	0
9.5	3	0.09568	0	125.813	0
9.5	4	0.11232	0	118.257	0
9.6	1	6.24	0	417.938	0
9.6	2	5.76	1	393.188	0
9.6	3	0.11648	0	127.243	0
9.6	4	0.08736	0	119.329	0
9.7	1	6	1	423.137	0
9.7	2	6	1	398.526	0
9.7	3	0.104	0	128.519	0
9.7	4	0.104	0	120.606	0
9.8	1	6	1	428.684	0
9.8	2	6	0	403.545	0
9.8	3	0.11968	0	129.949	0
9.8	4	0.22304	0	123.006	0
9.9	1	7.49792	0	435.066	0
9.9	2	4.46848	0	407.108	0
9.9	3	0.25344	0	132.604	0
9.9	4	0.24864	0	125.508	0
10	1	5.4	0	438.324	0
10	2	6.6	0	411.331	0
10	3	0.25664	0	135.158	0
10	4	0.19392	0	127.755	0
10.1	1	5.52	0	441.696	0
10.1	2	6.48	0	415.21	0
10.1	3	0.1872	0	137.455	0
10.1	4	0.09152	0	128.878	0
10.2	1	5.04	0	444.8	0
10.2	2	6.96	0	419.234	0
10.2	3	0.1248	0	138.987	0
10.2	4	0.07904	0	129.848	0
10.3	1	7.32	0	449.062	0
10.3	2	4.68	0	422.005	0
10.3	3	0.09984	0	140.212	0
10.3	4	0.11232	0	131.227	0
10.4	1	7.68	0	453.807	0
10.4	2	4.32	0	424.626	0
10.4	3	0.08736	0	141.285	0
10.4	4	0.11648	0	132.656	0
10.5	1	5.52	0	457.355	0
10.5	2	6.36	0	428.622	0
10.5	3	0.07904	0	142.255	0
10.5	4	0.12896	0	134.239	0
10.6	1	5.04	0	460.699	0
10.6	2	6.96	0	433.182	0
10.6	3	0.13312	0	143.889	0
10.6	4	0.07488	0	135.158	0
10.7	1	5.52	0	464.434	0
10.7	2	6.48	0	437.623	0
10.7	3	0.13728	0	145.573	0
10.7	4	0.07072	0	136.026	0
10.8	1	8.4	0	470.32	0
10.8	2	3.6	0	440.158	0
10.8	3	0.0832	0	146.595	0
10.8	4	0.1248	0	137.558	0
10.9	1	5.4	0	474.291	0
10.9	2	6.6	0	444.899	0
10.9	3	0.06656	0	147.412	0
10.9	4	0.14144	0	139.294	0
11	1	4.44	0	477.565	0
11	2	7.56	0	450.477	0
11	3	0.14976	0	149.25	0
11	4	0.05824	0	140.009	0
11.1	1	7.56	0	483.317	0
11.1	2	4.44	0	453.896	0
11.1	3	0.10816	0	150.577	0
11.1	4	0.09984	0	141.234	0
11.2	1	7.08	0	488.783	0
11.2	2	4.92	0	457.704	0
11.2	3	0.07904	0	151.547	0
11.2	4	0.12896	0	142.817	0
11.3	1	4.32	0	492.225	0
11.3	2	7.56	0	463.682	0
11.3	3	0.12064	0	153.028	0
11.3	4	0.0832	0	143.838	0
11.4	1	6.6	0	497.519	0
11.4	2	5.4	0	467.984	0
11.4	3	0.12896	0	154.611	0
11.4	4	0.0832	0	144.859	0
11.5	1	7.68	0	503.846	0
11.5	2	4.32	0	471.46	0
11.5	3	0.07072	0	155.479	0
11.5	4	0.13312	0	146.493	0
11.6	1	4.2	0	507.302	0
11.6	2	7.8	0	477.922	0
11.6	3	0.11648	0	156.908	0
11.6	4	0.09152	0	147.616	0
11.7	1	6.72	0	513.03	0
11.7	2	5.28	0	482.207	0
11.7	3	0.13312	0	158.542	0
11.7	4	0.07904	0	148.586	0
11.8	1	6.84	0	518.8	0
11.8	2	5.16	0	486.612	0
11.8	3	0.07072	0	159.41	0
11.8	4	0.13312	0	150.22	0
11.9	1	5.28	0	523.328	0
11.9	2	6.72	0	492.335	0
11.9	3	0.12064	0	160.891	0
11.9	4	0.08736	0	151.292	0
12	1	6.36	1	529.057	0
12	2	5.52	0	496.876	0
12	3	0.104	0	162.167	0
12	4	0.104	0	152.569	0
12.1	1	6	2	534.188	0
12.1	2	6	1	502.131	0
12.1	3	0.16384	0	164.005	0
12.1	4	0.104	0	153.845	0
12.2	1	5.6832	0	539.131	0
12.2	2	6.36	0	507.361	0
12.2	3	0.25408	0	166.559	0
12.2	4	0.17536	0	155.786	0
12.3	1	6.6	0	543.306	0
12.3	2	5.3168	0	511.019	0
12.3	3	0.22528	0	168.704	0
12.3	4	0.26144	0	158.594	0
12.4	1	2.16	0	544.968	0
12.4	2	9.84	0	517.108	0
12.4	3	0.14208	0	170.338	0
12.4	4	0.19968	0	161.045	0
12.5	1	6.6	0	549.757	0
12.5	2	5.4	0	520.005	0
12.5	3	0.11648	0	171.768	0
12.5	4	0.09152	0	162.168	0
12.6	1	6.12	0	552.95	0
12.6	2	5.88	0	523.141	0
12.6	3	0.09152	0	172.891	0
12.6	4	0.11648	0	163.598	0
12.7	1	7.08	0	556.818	0
12.7	2	4.92	0	525.807	0
12.7	3	0.09152	0	174.014	0
12.7	4	0.11648	0	165.028	0
12.8	1	7.32	0	560.88	0
12.8	2	4.68	0	528.394	0
12.8	3	0.09152	0	175.137	0
12.8	4	0.11648	0	166.457	0
12.9	1	5.04	0	563.801	0
12.9	2	6.96	0	532.373	0
12.9	3	0.11232	0	176.516	0
12.9	4	0.09568	0	167.632	0
13	1	4.8	0	566.605	0
13	2	7.08	0	536.506	0
13	3	0.11648	0	177.946	0
13	4	0.09152	0	168.755	0
13.1	1	6.36	0	570.379	0
13.1	2	5.64	0	539.917	0
13.1	3	0.12896	0	179.528	0
13.1	4	0.07488	0	169.674	0
13.2	1	6.24	0	574.206	0
13.2	2	5.76	0	543.403	0
13.2	3	0.09568	0	180.703	0
13.2	4	0.11232	0	171.052	0
13.3	1	7.8	0	579.032	0
13.3	2	4.2	0	546.001	0
13.3	3	0.0832	0	181.724	0
13.3	4	0.12896	0	172.635	0
13.4	1	5.52	0	582.51	0
13.4	2	6.48	0	550.084	0
13.4	3	0.10816	0	183.051	0
13.4	4	0.09984	0	173.861	0
13.5	1	4.44	0	585.345	0
13.5	2	7.56	0	554.86	0
13.5	3	0.11232	0	184.43	0
13.5	4	0.09152	0	174.984	0
13.6	1	6.24	0	589.374	0
13.6	2	5.76	0	558.538	0
13.6	3	0.13728	0	186.115	0
13.6	4	0.07488	0	175.903	0
13.7	1	7.2	0	593.971	0
13.7	2	4.8	0	561.666	0
13.7	3	0.0832	0	187.136	0
13.7	4	0.12064	0	177.384	0
13.8	1	7.44	0	598.843	0
13.8	2	4.44	0	564.59	0
13.8	3	0.09152	0	188.259	0
13.8	4	0.11648	0	178.813	0
13.9	1	4.32	0	601.705	0
13.9	2	7.68	0	569.671	0
13.9	3	0.09984	0	189.485	0
13.9	4	0.10816	0	180.141	0
14	1	6	0	605.685	0
14	2	6	0	573.602	0
14	3	0.13728	0	191.169	0
14	4	0.07072	0	181.009	0
14.1	1	6.24	0	609.888	0
14.1	2	5.76	0	577.448	0
14.1	3	0.104	0	192.446	0
14.1	4	0.104	0	182.285	0
14.2	1	8.16	0	615.388	0
14.2	2	3.84	0	580.029	0
14.2	3	0.07488	0	193.365	0
14.2	4	0.13312	0	183.919	0
14.3	1	4.44	0	618.371	0
14.3	2	7.56	0	585.172	0
14.3	3	0.104	0	194.641	0
14.3	4	0.104	0	185.195	0
14.4	1	5.88	0	622.322	0
14.4	2	6.12	0	589.334	0
14.4	3	0.14144	0	196.377	0
14.4	4	0.06656	0	186.012	0
14.5	1	6	0	626.352	0
14.5	2	5.88	0	593.334	0
14.5	3	0.10816	0	197.705	0
14.5	4	0.09568	0	187.187	0
14.6	1	8.16	0	631.834	0
14.6	2	3.84	0	595.945	0
14.6	3	0.07488	0	198.624	0
14.6	4	0.13312	0	188.82	0
14.7	1	4.8	0	635.059	0
14.7	2	7.2	0	600.843	0
14.7	3	0.104	0	199.9	0
14.7	4	0.104	0	190.097	0
14.8	1	5.52	0	638.768	0
14.8	2	6.48	0	605.25	0
14.8	3	0.13728	0	201.585	0
14.8	4	0.07488	0	191.016	0
14.9	1	6	0	642.798	0
14.9	2	6	0	609.331	0
14.9	3	0.11648	0	203.015	0
14.9	4	0.08736	0	192.088	0
15	1	8.16	0	648.281	0
15	2	3.84	0	611.943	0
15	3	0.07488	0	203.934	0
15	4	0.13312	0	193.722	0
15.1	1	5.28	0	651.828	0
15.1	2	6.72	0	616.513	0
15.1	3	0.104	0	205.21	0
15.1	4	0.104	0	194.998	0
15.2	1	5.04	0	655.214	0
15.2	2	6.96	0	621.247	0
15.2	3	0.12896	0	206.793	0
15.2	4	0.0832	0	196.02	0
15.3	1	6	0	659.245	0
15.3	2	5.88	0	625.246	0
15.3	3	0.1248	0	208.325	0
15.3	4	0.07904	0	196.99	0
15.4	1	8.16	0	664.727	0
15.4	2	3.84	0	627.858	0
15.4	3	0.07488	0	209.244	0
15.4	4	0.13312	0	198.624	0
15.5	1	5.64	0	668.515	0
15.5	2	6.36	0	632.184	0
15.5	3	0.104	0	210.52	0
15.5	4	0.104	0	199.9	0
15.6	1	4.68	0	671.66	0
15.6	2	7.32	0	637.163	0
15.6	3	0.12064	0	212.001	0
15.6	4	0.08736	0	200.972	0
15.7	1	6	0	675.691	0
15.7	2	6	0	641.243	0
15.7	3	0.13312	0	213.635	0
15.7	4	0.07488	0	201.891	0
15.8	1	8.16	0	681.173	0
15.8	2	3.84	0	643.855	0
15.8	3	0.07488	0	214.554	0
15.8	4	0.13312	0	203.525	0
15.9	1	6.12	0	685.284	0
15.9	2	5.88	0	647.855	0
15.9	3	0.104	0	215.83	0
15.9	4	0.104	0	204.802	0
16	1	4.2	0	688.106	0
16	2	7.68	0	653.079	0
16	3	0.11232	0	217.209	0
16	4	0.09568	0	205.976	0
16.1	1	6	0	692.137	0
16.1	2	6	0	657.16	0
16.1	3	0.13728	0	218.894	0
16.1	4	0.06656	0	206.793	0
16.2	1	8.16	0	697.619	0
16.2	2	3.84	0	659.772	0
16.2	3	0.07488	0	219.813	0
16.2	4	0.13312	0	208.427	0
16.3	1	6.48	0	701.972	0
16.3	2	5.52	0	663.526	0
16.3	3	0.104	0	221.089	0
16.3	4	0.104	0	209.703	0
16.4	1	4.32	0	704.874	0
16.4	2	7.68	0	668.75	0
16.4	3	0.10816	0	222.417	0
16.4	4	0.104	0	210.979	0
16.5	1	6	0	708.905	0
16.5	2	6	0	672.831	0
16.5	3	0.14144	0	224.153	0
16.5	4	0.06656	0	211.796	0
16.6	1	7.68	0	714.065	0
16.6	2	4.32	0	675.769	0
16.6	3	0.07904	0	225.123	0
16.6	4	0.1248	0	213.328	0
16.7	1	6.96	0	718.74	0
16.7	2	5.04	0	679.197	0
16.7	3	0.09984	0	226.348	0
16.7	4	0.11232	0	214.707	0
16.8	1	4.08	0	721.521	0
16.8	2	7.8	0	684.564	0
16.8	3	0.104	0	227.625	0
16.8	4	0.09984	0	215.932	0
16.9	1	5.76	0	725.49	0
16.9	2	6.24	0	688.912	0
16.9	3	0.14144	0	229.361	0
16.9	4	0.06656	0	216.749	0
17	1	7.8	0	730.926	0
17	2	4.2	0	691.803	0
17	3	0.07904	0	230.331	0
17	4	0.12896	0	218.332	0
17.1	1	6.6	0	735.525	0
17.1	2	5.4	0	695.522	0
17.1	3	0.09984	0	231.556	0
17.1	4	0.10816	0	219.659	0
17.2	1	3.96	0	738.323	0
17.2	2	8.04	0	701.137	0
17.2	3	0.104	0	232.832	0
17.2	4	0.104	0	220.936	0
17.3	1	5.88	0	742.519	0
17.3	2	6.12	0	705.452	0
17.3	3	0.1456	0	234.619	0
17.3	4	0.0624	0	221.702	0
17.4	1	8.52	0	748.592	0
17.4	2	3.48	0	707.964	0
17.4	3	0.06656	0	235.436	0
17.4	4	0.14144	0	223.438	0
17.5	1	5.28	0	752.427	0
17.5	2	6.6	0	712.784	0
17.5	3	0.09984	0	236.662	0
17.5	4	0.10816	0	224.765	0
17.6	1	5.64	0	756.586	0
17.6	2	6.36	0	717.422	0
17.6	3	0.1248	0	238.194	0
17.6	4	0.07904	0	225.735	0
17.7	1	6	0	761.068	0
17.7	2	6	0	721.854	0
17.7	3	0.11232	0	239.572	0
17.7	4	0.09568	0	226.909	0
17.8	1	7.8	0	766.937	0
17.8	2	4.2	0	725.023	0
17.8	3	0.0832	0	240.593	0
17.8	4	0.1248	0	228.441	0
17.9	1	3.6	0	769.7	0
17.9	2	8.4	0	731.453	0
17.9	3	0.104	0	241.87	0
17.9	4	0.104	0	229.718	0
18	1	6.12	0	774.474	0
18	2	5.88	0	736.013	0
18	3	0.1456	0	243.657	0
18	4	0.0624	0	230.483	0
18.1	1	8.88	0	781.465	0
18.1	2	3.12	0	738.467	0
18.1	3	0.0624	0	244.423	0
18.1	4	0.14976	0	232.322	0
18.2	1	3.6	0	784.38	0
18.2	2	8.4	0	745.245	0
18.2	3	0.09984	0	245.648	0
18.2	4	0.104	0	233.598	0
18.3	1	5.76	0	789.075	0
18.3	2	6.12	0	750.211	0
18.3	3	0.15392	0	247.537	0
18.3	4	0.05408	0	234.262	0
18.4	1	8.28	0	796.029	0
18.4	2	3.72	0	753.239	0
18.4	3	0.0624	0	248.303	0
18.4	4	0.1456	0	236.049	0
18.5	1	4.44	1	799.732	0
18.5	2	7.56	0	759.835	0
18.5	3	0.11232	0	249.681	0
18.5	4	0.09568	0	237.223	0
18.6	1	6.72	0	805.68	0
18.6	2	5.28	1	764.273	0
18.6	3	0.1248	0	251.213	0
18.6	4	0.0832	0	238.244	0
18.7	1	6	0	810.663	0
18.7	2	6	0	769.857	0
18.7	3	0.20384	0	253.409	0
18.7	4	0.11232	0	239.623	0
18.8	1	5.10432	0	815.248	0
18.8	2	6.84	0	775.66	0
18.8	3	0.22368	0	255.809	0
18.8	4	0.21344	0	241.921	0
18.9	1	8.4	0	821.279	0
18.9	2	3.63552	0	778.202	0
18.9	3	0.17472	0	257.954	0
18.9	4	0.25088	0	244.678	0
19	1	2.76	0	824.055	0
19	2	9.24	0	786.719	0
19	3	0.15808	0	259.894	0
19	4	0.13312	0	246.312	0
19.1	1	7.56	0	830.428	0
19.1	2	4.32	0	790.372	0
19.1	3	0.07072	0	260.762	0
19.1	4	0.14976	0	248.15	0
19.2	1	7.2	0	834.877	0
19.2	2	4.8	0	793.301	0
19.2	3	0.07904	0	261.732	0
19.2	4	0.12896	0	249.733	0
19.3	1	4.32	0	837.689	0
19.3	2	7.68	0	798.172	0
19.3	3	0.11232	0	263.11	0
19.3	4	0.09152	0	250.856	0
19.4	1	4.8	0	840.874	0
19.4	2	7.2	0	802.955	0
19.4	3	0.13728	0	264.795	0
19.4	4	0.07072	0	251.724	0
19.5	1	7.32	0	845.914	0
19.5	2	4.68	0	806.175	0
19.5	3	0.104	0	266.072	0
19.5	4	0.10816	0	253.052	0
19.6	1	7.8	0	851.515	0
19.6	2	4.2	0	809.085	0
19.6	3	0.06656	0	266.889	0
19.6	4	0.14144	0	254.788	0
19.7	1	3.72	0	854.24	0
19.7	2	8.28	0	815.113	0
19.7	3	0.11648	0	268.318	0
19.7	4	0.09152	0	255.911	0
19.8	1	5.52	0	858.335	0
19.8	2	6.48	0	820.007	0
19.8	3	0.14976	0	270.156	0
19.8	4	0.05824	0	256.626	0
19.9	1	8.76	0	865.013	0
19.9	2	3.12	0	822.398	0
19.9	3	0.06656	0	270.973	0
19.9	4	0.13728	0	258.311	0
20	1	4.68	0	868.667	0
20	2	7.32	0	828.112	0
20	3	0.0832	0	271.994	0
20	4	0.1248	0	259.842	0
20.1	1	4.32	0	872.038	0
20.1	2	7.68	0	834.169	0
20.1	3	0.15392	0	273.883	0
20.1	4	0.05408	0	260.506	0
20.2	1	8.88	0	879.315	0
20.2	2	3.12	0	836.683	0
20.2	3	0.0832	0	274.905	0
20.2	4	0.1248	0	262.038	0
20.3	1	4.92	0	883.331	0
20.3	2	7.08	0	842.596	0
20.3	3	0.0832	0	275.926	0
20.3	4	0.1248	0	263.569	0
20.4	1	5.16	0	887.673	0
20.4	2	6.84	0	848.318	0
20.4	3	0.14976	0	277.764	0
20.4	4	0.05824	0	264.284	0
20.5	1	7.8	0	894.258	0
20.5	2	4.2	0	851.883	0
20.5	3	0.07904	0	278.734	0
20.5	4	0.12896	0	265.867	0
20.6	1	4.8	0	898.135	0
20.6	2	7.08	0	858.218	0
20.6	3	0.104	0	280.01	0
20.6	4	0.104	0	267.144	0
20.7	1	6.6	0	904.061	0
20.7	2	5.4	1	862.713	0
20.7	3	0.11232	0	281.389	0
20.7	4	0.09152	0	268.267	0
20.8	1	6	1	909.058	0
20.8	2	6	1	868.219	0
20.8	3	0.104	0	282.665	0
20.8	4	0.104	0	269.543	0
20.9	1	6	1	914.418	0
20.9	2	6	1	873.314	0
20.9	3	0.104	0	283.942	0
20.9	4	0.21824	0	271.892	0
21	1	7.44	0	920.434	0
21	2	4.60576	0	876.979	0
21	3	0.24416	0	286.546	0
21	4	0.26336	0	274.395	0
21.1	1	5.93344	0	923.79	0
21.1	2	6	0	880.772	0
21.1	3	0.26688	0	289.202	0
21.1	4	0.21376	0	276.642	0
21.2	1	4.92	0	926.645	0
21.2	2	6.84	0	884.575	0
21.2	3	0.19456	0	291.551	0
21.2	4	0.07904	0	277.612	0
21.3	1	5.16	0	929.754	0
21.3	2	6.84	0	888.272	0
21.3	3	0.10816	0	292.878	0
21.3	4	0.09984	0	278.837	0
21.4	1	7.08	0	933.576	0
21.4	2	4.92	0	891.001	0
21.4	3	0.11232	0	294.257	0
21.4	4	0.09568	0	280.012	0
21.5	1	7.2	0	937.636	0
21.5	2	4.8	0	893.694	0
21.5	3	0.08736	0	295.329	0
21.5	4	0.12064	0	281.492	0
21.6	1	6.48	0	941.34	0
21.6	2	5.52	0	896.867	0
21.6	3	0.0832	0	296.35	0
21.6	4	0.1248	0	283.024	0
21.7	1	5.76	0	944.775	0
21.7	2	6.24	0	900.538	0
21.7	3	0.104	0	297.626	0
21.7	4	0.104	0	284.3	0
21.8	1	4.68	0	947.587	0
21.8	2	7.32	0	904.997	0
21.8	3	0.12896	0	299.209	0
21.8	4	0.07904	0	285.271	0
21.9	1	5.4	0	950.87	0
21.9	2	6.48	0	908.981	0
21.9	3	0.11232	0	300.588	0
21.9	4	0.09152	0	286.394	0
22	1	7.56	0	955.624	0
22	2	4.44	0	911.733	0
22	3	0.09984	0	301.813	0
22	4	0.10816	0	287.721	0
22.1	1	6.84	0	959.974	0
22.1	2	5.16	0	914.987	0
22.1	3	0.07904	0	302.783	0
22.1	4	0.13312	0	289.355	0
22.2	1	5.28	0	963.381	0
22.2	2	6.72	0	919.333	0
22.2	3	0.104	0	304.06	0
22.2	4	0.09984	0	290.581	0
22.3	1	4.2	0	966.118	0
22.3	2	7.8	0	924.376	0
22.3	3	0.13312	0	305.694	0
22.3	4	0.07488	0	291.5	0
22.4	1	6.96	0	970.727	0
22.4	2	5.04	0	927.678	0
22.4	3	0.11648	0	307.123	0
22.4	4	0.09152	0	292.623	0
22.5	1	7.32	0	975.527	0
22.5	2	4.68	0	930.777	0
22.5	3	0.07488	0	308.042	0
22.5	4	0.13312	0	294.257	0
22.6	1	6.12	0	979.638	0
22.6	2	5.76	0	934.695	0
22.6	3	0.0832	0	309.063	0
22.6	4	0.1248	0	295.788	0
22.7	1	4.08	0	982.401	0
22.7	2	7.92	0	940.033	0
22.7	3	0.13728	0	310.748	0
22.7	4	0.07072	0	296.656	0
22.8	1	6.36	0	986.727	0
22.8	2	5.64	0	943.822	0
22.8	3	0.12064	0	312.229	0
22.8	4	0.08736	0	297.729	0
22.9	1	7.44	0	991.875	0
22.9	2	4.56	0	946.925	0
22.9	3	0.07904	0	313.199	0
22.9	4	0.12896	0	299.311	0
23	1	6.24	0	996.177	0
23	2	5.76	0	950.891	0
23	3	0.07904	0	314.169	0
23	4	0.12896	0	300.894	0
23.1	1	4.08	0	998.986	0
23.1	2	7.92	0	956.41	0
23.1	3	0.14144	0	315.905	0
23.1	4	0.06656	0	301.711	0
23.2	1	6.6	0	1003.53	0
23.2	2	5.4	0	960.173	0
23.2	3	0.1248	0	317.437	0
23.2	4	0.0832	0	302.732	0
23.3	1	7.32	0	1008.57	0
23.3	2	4.68	0	963.434	0
23.3	3	0.07488	0	318.356	0
23.3	4	0.13312	0	304.366	0
23.4	1	6.12	0	1012.78	0
23.4	2	5.76	0	967.448	0
23.4	3	0.0832	0	319.377	0
23.4	4	0.1248	0	305.898	0
23.5	1	4.08	0	1015.59	0
23.5	2	7.92	0	972.967	0
23.5	3	0.14144	0	321.113	0
23.5	4	0.06656	0	306.715	0
23.6	1	6.96	0	1020.38	0
23.6	2	5.04	0	976.479	0
23.6	3	0.12064	0	322.594	0
23.6	4	0.0832	0	307.736	0
23.7	1	7.2	0	1025.34	0
23.7	2	4.8	0	979.824	0
23.7	3	0.07072	0	323.462	0
23.7	4	0.13728	0	309.421	0
23.8	1	6	0	1029.47	0
23.8	2	6	0	984.005	0
23.8	3	0.09152	0	324.585	0
23.8	4	0.12064	0	310.901	0
23.9	1	4.08	0	1032.28	0
23.9	2	7.92	0	989.524	0
23.9	3	0.14144	0	326.321	0
23.9	4	0.06656	0	311.718	0
24	1	7.2	0	1037.24	0
24	2	4.8	0	992.869	0
24	3	0.11648	0	327.75	0
24	4	0.08736	0	312.791	0
24.1	1	7.2	0	1042.2	0
24.1	2	4.68	0	996.13	0
24.1	3	0.07072	0	328.618	0
24.1	4	0.13728	0	314.475	0
24.2	1	5.64	0	1046.08	0
24.2	2	6.36	0	1000.56	0
24.2	3	0.09568	0	329.793	0
24.2	4	0.11232	0	315.854	0
24.3	1	4.08	0	1048.89	0
24.3	2	7.92	0	1006.08	0
24.3	3	0.14144	0	331.529	0
24.3	4	0.06656	0	316.671	0
24.4	1	7.56	0	1054.09	0
24.4	2	4.44	0	1009.17	0
24.4	3	0.11232	0	332.907	0
24.4	4	0.09568	0	317.845	0
24.5	1	7.2	0	1059.05	0
24.5	2	4.8	0	1012.52	0
24.5	3	0.07072	0	333.775	0
24.5	4	0.13728	0	319.53	0
24.6	1	5.4	0	1062.77	0
24.6	2	6.6	0	1017.12	0
24.6	3	0.09984	0	335.001	0
24.6	4	0.10816	0	320.858	0
24.7	1	4.08	0	1065.58	0
24.7	2	7.92	0	1022.64	0
24.7	3	0.14144	0	336.737	0
24.7	4	0.06656	0	321.675	0
24.8	1	7.8	0	1070.95	0
24.8	2	4.2	0	1025.56	0
24.8	3	0.10816	0	338.064	0
24.8	4	0.09984	0	322.9	0
24.9	1	7.2	0	1075.91	0
24.9	2	4.68	0	1028.83	0
24.9	3	0.06656	0	338.881	0
24.9	4	0.13728	0	324.585	0
25	1	5.04	0	1079.38	0
25	2	6.96	0	1033.68	0
25	3	0.10816	0	340.208	0
25	4	0.104	0	325.861	0
25.1	1	4.08	0	1082.18	0
25.1	2	7.92	0	1039.2	0
25.1	3	0.13312	0	341.842	0
25.1	4	0.07072	0	326.729	0
25.2	1	8.16	0	1087.8	0
25.2	2	3.84	0	1041.87	0
25.2	3	0.10816	0	343.17	0
25.2	4	0.09984	0	327.955	0
25.3	1	7.2	0	1092.76	0
25.3	2	4.8	0	1045.22	0
25.3	3	0.07072	0	344.038	0
25.3	4	0.13728	0	329.64	0
25.4	1	4.8	0	1096.07	0
25.4	2	7.2	0	1050.23	0
25.4	3	0.11232	0	345.416	0
25.4	4	0.09984	0	330.865	0
25.5	1	4.32	0	1099.04	0
25.5	2	7.68	0	1055.59	0
25.5	3	0.12896	0	346.999	0
25.5	4	0.07488	0	331.784	0
25.6	1	8.28	0	1104.76	0
25.6	2	3.6	0	1058.13	0
25.6	3	0.10816	0	348.327	0
25.6	4	0.09984	0	333.009	0
25.7	1	7.2	0	1109.83	0
25.7	2	4.8	0	1061.55	0
25.7	3	0.06656	0	349.144	0
25.7	4	0.14144	0	334.745	0
25.8	1	3.96	0	1112.66	0
25.8	2	8.04	0	1067.24	0
25.8	3	0.12064	0	350.624	0
25.8	4	0.08736	0	335.818	0
25.9	1	5.16	0	1116.34	0
25.9	2	6.84	0	1072.08	0
25.9	3	0.1248	0	352.156	0
25.9	4	0.0832	0	336.839	0
26	1	8.16	0	1122.28	0
26	2	3.84	0	1074.84	0
26	3	0.09568	0	353.33	0
26	4	0.11232	0	338.217	0
26.1	1	6.24	0	1126.79	0
26.1	2	5.76	0	1079	0
26.1	3	0.06656	0	354.147	0
26.1	4	0.14144	0	339.953	0
26.2	1	3.72	0	1129.5	0
26.2	2	8.28	0	1085.09	0
26.2	3	0.1456	0	355.934	0
26.2	4	0.0624	0	340.719	0
26.3	1	7.08	0	1134.73	0
26.3	2	4.92	0	1088.77	0
26.3	3	0.1248	0	357.466	0
26.3	4	0.0832	0	341.74	0
26.4	1	7.56	0	1140.39	0
26.4	2	4.32	0	1092	0
26.4	3	0.0624	0	358.232	0
26.4	4	0.1456	0	343.527	0
26.5	1	4.32	0	1143.69	0
26.5	2	7.68	0	1097.8	0
26.5	3	0.10816	0	359.559	0
26.5	4	0.09984	0	344.753	0
26.6	1	5.4	0	1147.82	0
26.6	2	6.6	0	1102.93	0
26.6	3	0.13312	0	361.193	0
26.6	4	0.07488	0	345.672	0
26.7	1	7.68	0	1153.75	0
26.7	2	4.32	0	1106.32	0
26.7	3	0.08736	0	362.265	0
26.7	4	0.12064	0	347.152	0
26.8	1	5.64	0	1158.24	0
26.8	2	6.36	0	1111.34	0
26.8	3	0.0832	0	363.286	0
26.8	4	0.1248	0	348.684	0
26.9	1	4.44	0	1161.79	0
26.9	2	7.56	0	1117.47	0
26.9	3	0.13728	0	364.971	0
26.9	4	0.06656	0	349.501	0
27	1	8.52	0	1168.74	0
27	2	3.48	0	1120.33	0
27	3	0.09568	0	366.146	0
27	4	0.11232	0	350.88	0
27.1	1	5.04	0	1172.89	0
27.1	2	6.84	0	1126.11	0
27.1	3	0.07904	0	367.116	0
27.1	4	0.13312	0	352.513	0
27.2	1	5.16	0	1177.33	0
27.2	2	6.84	1	1131.88	0
27.2	3	0.14144	0	368.852	0
27.2	4	0.0624	0	353.279	0
27.3	1	7.08	1	1183.5	0
27.3	2	4.92	0	1136.09	0
27.3	3	0.08736	0	369.924	0
27.3	4	0.12544	0	354.811	0
27.4	1	5.64	0	1188.29	0
27.4	2	6.36	0	1141.81	0
27.4	3	0.12512	0	371.405	0
27.4	4	0.2352	0	357.313	0
27.5	1	7.13152	0	1194.41	0
27.5	2	4.83616	0	1145.65	0
27.5	3	0.2592	0	374.162	0
27.5	4	0.19456	0	359.458	0
27.6	1	2.4	0	1196.14	0
27.6	2	9.6	0	1153	0
27.6	3	0.184	0	376.256	0
27.6	4	0.19552	0	361.858	0
27.7	1	10.08	0	1205.85	0
27.7	2	1.92	0	1154.58	0
27.7	3	0.18304	0	378.502	0
27.7	4	0.09152	0	362.981	0
27.8	1	6.72	0	1209.76	0
27.8	2	5.28	0	1159.01	0
27.8	3	0.0832	0	379.524	0
27.8	4	0.1248	0	364.513	0
27.9	1	4.44	0	1212.51	0
27.9	2	7.56	0	1163.59	0
27.9	3	0.11648	0	380.953	0
27.9	4	0.09152	0	365.636	0
28	1	4.2	0	1215.15	0
28	2	7.8	0	1168.62	0
28	3	0.13312	0	382.587	0
28	4	0.07488	0	366.555	0
28.1	1	7.56	0	1220.11	0
28.1	2	4.32	0	1171.54	0
28.1	3	0.104	0	383.863	0
28.1	4	0.09984	0	367.78	0
28.2	1	7.56	0	1225.25	0
28.2	2	4.44	0	1174.57	0
28.2	3	0.07072	0	384.731	0
28.2	4	0.13728	0	369.465	0
28.3	1	4.68	0	1228.55	0
28.3	2	7.32	0	1179.68	0
28.3	3	0.09984	0	385.957	0
28.3	4	0.10816	0	370.793	0
28.4	1	3.96	0	1231.38	0
28.4	2	8.04	0	1185.47	0
28.4	3	0.14144	0	387.693	0
28.4	4	0.06656	0	371.61	0
28.5	1	8.4	0	1237.52	0
28.5	2	3.6	0	1188.14	0
28.5	3	0.09984	0	388.918	0
28.5	4	0.11232	0	372.988	0
28.6	1	6.84	0	1242.72	0
28.6	2	5.16	0	1192	0
28.6	3	0.05824	0	389.633	0
28.6	4	0.1456	0	374.775	0
28.7	1	3.36	0	1245.31	0
28.7	2	8.64	0	1198.64	0
28.7	3	0.13728	0	391.318	0
28.7	4	0.07488	0	375.694	0
28.8	1	7.08	0	1250.84	0
28.8	2	4.8	0	1202.44	0
28.8	3	0.12896	0	392.901	0
28.8	4	0.07488	0	376.613	0
28.9	1	7.92	0	1257.15	0
28.9	2	4.08	0	1205.7	0
28.9	3	0.05408	0	393.564	0
28.9	4	0.15392	0	378.502	0
29	1	3.12	0	1259.68	0
29	2	8.88	0	1212.95	0
29	3	0.12064	0	395.045	0
29	4	0.08736	0	379.575	0
29.1	1	6.84	0	1265.38	0
29.1	2	5.16	0	1217.18	0
29.1	3	0.13312	0	396.679	0
29.1	4	0.07488	0	380.494	0
29.2	1	7.32	0	1271.43	0
29.2	2	4.68	0	1221.09	0
29.2	3	0.05824	0	397.394	0
29.2	4	0.14976	0	382.332	0
29.3	1	4.08	0	1274.85	0
29.3	2	7.92	0	1227.89	0
29.3	3	0.1248	0	398.925	0
29.3	4	0.0832	0	383.353	0
29.4	1	7.08	0	1281.16	0
29.4	2	4.92	0	1231.88	0
29.4	3	0.11648	0	400.355	0
29.4	4	0.09152	0	384.476	0
29.5	1	5.76	1	1285.96	0
29.5	2	6.24	0	1237.4	0
29.5	3	0.08736	0	401.427	0
29.5	4	0.12064	0	385.957	0
29.6	1	5.88	1	1291.31	0
29.6	2	6	1	1242.42	0
29.6	3	0.10816	0	402.755	0
29.6	4	0.09984	0	387.182	0
29.7	1	6	1	1296.43	0
29.7	2	6	1	1247.67	0
29.7	3	0.22368	0	405.155	0
29.7	4	0.104	0	388.459	0
29.8	1	4.84128	0	1300.21	0
29.8	2	7.2	0	1253.35	0
29.8	3	0.2592	0	407.606	0
29.8	4	0.25504	0	391.165	0
29.9	1	5.64	0	1303.7	0
29.9	2	6.28384	0	1256.79	0
29.9	3	0.21664	0	409.904	0
29.9	4	0.25184	0	393.668	0
30	1	6.84	0	1307.48	0
30	2	4.8	0	1259.68	0
30	3	0.0832	0	410.925	0
30	4	0.18496	0	395.914	0
30.1	1	6.84	0	1311.14	0
30.1	2	5.16	0	1262.73	0
30.1	3	0.08736	0	411.998	0
30.1	4	0.11648	0	397.344	0
30.2	1	5.76	0	1314.23	0
30.2	2	6.12	0	1265.99	0
30.2	3	0.104	0	413.274	0
30.2	4	0.104	0	398.62	0
30.3	1	4.8	0	1316.92	0
30.3	2	7.2	0	1269.99	0
30.3	3	0.11232	0	414.653	0
30.3	4	0.09568	0	399.795	0
30.4	1	5.4	0	1320.01	0
30.4	2	6.6	0	1273.72	0
30.4	3	0.1248	0	416.184	0
30.4	4	0.0832	0	400.816	0
30.5	1	5.52	0	1323.25	0
30.5	2	6.48	0	1277.54	0
30.5	3	0.12064	0	417.665	0
30.5	4	0.08736	0	401.888	0
30.6	1	7.32	0	1327.57	0
30.6	2	4.68	0	1280.31	0
30.6	3	0.0832	0	418.686	0
30.6	4	0.1248	0	403.42	0
30.7	1	7.56	0	1332.13	0
30.7	2	4.44	0	1282.99	0
30.7	3	0.0832	0	419.707	0
30.7	4	0.1248	0	404.951	0
30.8	1	4.8	0	1335.12	0
30.8	2	7.2	0	1287.46	0
30.8	3	0.09568	0	420.882	0
30.8	4	0.11232	0	406.33	0
30.9	1	4.68	0	1338.06	0
30.9	2	7.2	0	1291.97	0
30.9	3	0.13312	0	422.516	0
30.9	4	0.07488	0	407.249	0
31	1	5.76	0	1341.69	0
31	2	6.24	0	1295.95	0
31	3	0.12896	0	424.098	0
31	4	0.07904	0	408.219	0
31.1	1	7.8	0	1346.73	0
31.1	2	4.2	0	1298.68	0
31.1	3	0.07488	0	425.017	0
31.1	4	0.13312	0	409.853	0
31.2	1	6.6	0	1351.06	0
31.2	2	5.4	0	1302.21	0
31.2	3	0.09152	0	426.141	0
31.2	4	0.11232	0	411.231	0
31.3	1	4.32	0	1353.89	0
31.3	2	7.68	0	1307.19	0
31.3	3	0.104	0	427.417	0
31.3	4	0.104	0	412.508	0
31.4	1	5.4	0	1357.43	0
31.4	2	6.6	0	1311.57	0
31.4	3	0.13728	0	429.102	0
31.4	4	0.07488	0	413.427	0
31.5	1	7.08	0	1362.13	0
31.5	2	4.92	0	1314.87	0
31.5	3	0.09568	0	430.276	0
31.5	4	0.11232	0	414.805	0
31.6	1	7.8	0	1367.37	0
31.6	2	4.2	0	1317.69	0
31.6	3	0.07904	0	431.246	0
31.6	4	0.12896	0	416.388	0
31.7	1	3.84	0	1370.01	0
31.7	2	8.04	0	1323.13	0
31.7	3	0.09984	0	432.472	0
31.7	4	0.104	0	417.665	0
31.8	1	5.28	0	1373.64	0
31.8	2	6.72	0	1327.75	0
31.8	3	0.13728	0	434.157	0
31.8	4	0.07072	0	418.533	0
31.9	1	6.96	0	1378.37	0
31.9	2	5.04	0	1331.18	0
31.9	3	0.09984	0	435.382	0
31.9	4	0.10816	0	419.86	0
32	1	7.92	0	1383.76	0
32	2	4.08	0	1333.96	0
32	3	0.07488	0	436.301	0
32	4	0.13312	0	421.494	0
32.1	1	4.08	0	1386.53	0
32.1	2	7.92	0	1339.34	0
32.1	3	0.09984	0	437.526	0
32.1	4	0.10816	0	422.822	0
32.2	1	5.28	0	1390.12	0
32.2	2	6.72	0	1343.91	0
32.2	3	0.13728	0	439.211	0
32.2	4	0.07072	0	423.69	0
32.3	1	6.48	0	1394.53	0
32.3	2	5.52	0	1347.67	0
32.3	3	0.10816	0	440.539	0
32.3	4	0.09984	0	424.915	0
32.4	1	7.92	0	1399.92	0
32.4	2	3.96	0	1350.36	0
32.4	3	0.06656	0	441.356	0
32.4	4	0.13728	0	426.6	0
32.5	1	4.44	0	1402.94	0
32.5	2	7.56	0	1355.5	0
32.5	3	0.09984	0	442.581	0
32.5	4	0.10816	0	427.927	0
32.6	1	5.28	0	1406.53	0
32.6	2	6.72	0	1360.07	0
32.6	3	0.13728	0	444.266	0
32.6	4	0.07072	0	428.795	0
32.7	1	6.12	0	1410.69	0
32.7	2	5.88	0	1364.07	0
32.7	3	0.11232	0	445.645	0
32.7	4	0.09568	0	429.97	0
32.8	1	7.92	0	1416.08	0
32.8	2	4.08	0	1366.85	0
32.8	3	0.07072	0	446.513	0
32.8	4	0.13728	0	431.654	0
32.9	1	4.92	0	1419.42	0
32.9	2	7.08	0	1371.66	0
32.9	3	0.09152	0	447.636	0
32.9	4	0.11648	0	433.084	0
33	1	5.16	0	1422.93	0
33	2	6.84	0	1376.32	0
33	3	0.13728	0	449.321	0
33	4	0.07072	0	433.952	0
33.1	1	5.76	0	1426.85	0
33.1	2	6.24	0	1380.56	0
33.1	3	0.12064	0	450.801	0
33.1	4	0.08736	0	435.024	0
33.2	1	7.92	0	1432.24	0
33.2	2	3.96	0	1383.25	0
33.2	3	0.07072	0	451.669	0
33.2	4	0.13728	0	436.709	0
33.3	1	5.28	0	1435.83	0
33.3	2	6.72	0	1387.82	0
33.3	3	0.09152	0	452.793	0
33.3	4	0.11648	0	438.139	0
33.4	1	4.8	0	1439.09	0
33.4	2	7.2	0	1392.72	0
33.4	3	0.12896	0	454.376	0
33.4	4	0.07904	0	439.109	0
33.5	1	5.76	0	1443.01	0
33.5	2	6.24	0	1396.97	0
33.5	3	0.12896	0	455.958	0
33.5	4	0.07904	0	440.079	0
33.6	1	7.92	0	1448.4	0
33.6	2	4.08	0	1399.74	0
33.6	3	0.07072	0	456.826	0
33.6	4	0.13728	0	441.764	0
33.7	1	5.76	0	1452.32	0
33.7	2	6.24	0	1403.99	0
33.7	3	0.09152	0	457.95	0
33.7	4	0.11648	0	443.194	0
33.8	1	4.32	0	1455.25	0
33.8	2	7.68	0	1409.21	0
33.8	3	0.12064	0	459.43	0
33.8	4	0.08736	0	444.266	0
33.9	1	5.76	0	1459.17	0
33.9	2	6.12	0	1413.37	0
33.9	3	0.13312	0	461.064	0
33.9	4	0.07072	0	445.134	0
34	1	7.92	0	1464.56	0
34	2	4.08	0	1416.15	0
34	3	0.07072	0	461.932	0
34	4	0.13728	0	446.819	0
34.1	1	6.12	0	1468.72	0
34.1	2	5.88	0	1420.15	0
34.1	3	0.09152	0	463.055	0
34.1	4	0.11648	0	448.248	0
34.2	1	4.08	0	1471.5	0
34.2	2	7.92	0	1425.53	0
34.2	3	0.11648	0	464.485	0
34.2	4	0.09152	0	449.371	0
34.3	1	5.64	0	1475.33	0
34.3	2	6.36	0	1429.86	0
34.3	3	0.13728	0	466.17	0
34.3	4	0.07072	0	450.239	0
34.4	1	8.04	0	1480.85	0
34.4	2	3.96	0	1432.59	0
34.4	3	0.07488	0	467.089	0
34.4	4	0.13312	0	451.873	0
34.5	1	6.36	0	1485.28	0
34.5	2	5.64	0	1436.52	0
34.5	3	0.09152	0	468.212	0
34.5	4	0.12064	0	453.354	0
34.6	1	3.96	0	1488.06	0
34.6	2	8.04	0	1442.19	0
34.6	3	0.11648	0	469.642	0
34.6	4	0.09152	0	454.477	0
34.7	1	6	0	1492.29	0
34.7	2	5.88	0	1446.34	0
34.7	3	0.13312	0	471.276	0
34.7	4	0.07072	0	455.345	0
34.8	1	8.28	0	1498.25	0
34.8	2	3.72	0	1449	0
34.8	3	0.06656	0	472.092	0
34.8	4	0.14144	0	457.081	0
34.9	1	5.04	0	1501.86	0
34.9	2	6.96	0	1454.02	0
34.9	3	0.08736	0	473.165	0
34.9	4	0.12064	0	458.562	0
35	1	4.92	0	1505.4	0
35	2	7.08	0	1459.08	0
35	3	0.13728	0	474.85	0
35	4	0.07072	0	459.43	0
35.1	1	6.48	0	1510.13	0
35.1	2	5.52	0	1463.12	0
35.1	3	0.11232	0	476.228	0
35.1	4	0.09568	0	460.604	0
35.2	1	7.92	0	1516.04	0
35.2	2	4.08	0	1466.11	0
35.2	3	0.07488	0	477.147	0
35.2	4	0.13312	0	462.238	0
35.3	1	3.48	0	1518.66	0
35.3	2	8.52	0	1472.54	0
35.3	3	0.104	0	478.424	0
35.3	4	0.104	0	463.514	0
35.4	1	5.64	0	1522.97	0
35.4	2	6.24	0	1477.3	0
35.4	3	0.14976	0	480.262	0
35.4	4	0.05824	0	464.229	0
35.5	1	8.76	0	1529.7	0
35.5	2	3.24	0	1479.8	0
35.5	3	0.0624	0	481.028	0
35.5	4	0.1456	0	466.016	0
35.6	1	4.2	0	1533.03	0
35.6	2	7.8	0	1485.95	0
35.6	3	0.08736	0	482.1	0
35.6	4	0.11648	0	467.446	0
35.7	1	4.8	0	1536.85	0
35.7	2	7.2	0	1491.69	0
35.7	3	0.15392	0	483.989	0
35.7	4	0.05824	0	468.161	0
35.8	1	8.76	0	1543.93	0
35.8	2	3.24	0	1494.31	0
35.8	3	0.07904	0	484.959	0
35.8	4	0.12896	0	469.743	0
35.9	1	4.56	0	1547.76	0
35.9	2	7.44	0	1500.43	0
35.9	3	0.0832	0	485.98	0
35.9	4	0.12064	0	471.224	0
36	1	5.4	0	1552.34	0
36	2	6.6	0	1505.97	0
36	3	0.14976	0	487.818	0
36	4	0.0624	0	471.99	0
36.1	1	7.56	0	1558.83	0
36.1	2	4.44	0	1509.82	0
36.1	3	0.07072	0	488.686	0
36.1	4	0.13312	0	473.624	0
36.2	1	5.16	0	1563.07	0
36.2	2	6.72	1	1516.02	0
36.2	3	0.11232	0	490.065	0
36.2	4	0.09568	0	474.798	0
36.3	1	6.12	1	1568.83	0
36.3	2	5.88	1	1521	0
36.3	3	0.10816	0	491.392	0
36.3	4	0.15424	0	476.534	0
36.4	1	6.12	1	1574.3	0
36.4	2	5.92576	0	1526.37	0
36.4	3	0.17472	0	493.333	0
36.4	4	0.24	0	479.088	0
36.5	1	6.53664	0	1579.27	0
36.5	2	5.4	0	1530	0
36.5	3	0.31872	0	496.499	0
36.5	4	0.18784	0	481.079	0
36.6	1	6.84	0	1583.59	0
36.6	2	3.96	0	1532.78	0
36.6	3	0.17856	0	498.542	0
36.6	4	0.19488	0	483.275	0
36.7	1	5.52	0	1587.65	0
36.7	2	6.36	0	1536.59	0
36.7	3	0.09984	0	499.767	0
36.7	4	0.11232	0	484.653	0
36.8	1	4.8	0	1590.6	0
36.8	2	7.2	0	1540.8	0
36.8	3	0.1248	0	501.299	0
36.8	4	0.07904	0	485.624	0
36.9	1	4.56	0	1593.33	0
36.9	2	7.44	0	1545.4	0
36.9	3	0.13312	0	502.932	0
36.9	4	0.07904	0	486.594	0
37	1	7.8	0	1598.24	0
37	2	4.2	0	1548.12	0
37	3	0.09984	0	504.158	0
37	4	0.104	0	487.87	0
37.1	1	7.92	0	1603.49	0
37.1	2	4.08	0	1550.8	0
37.1	3	0.07488	0	505.077	0
37.1	4	0.13312	0	489.504	0
37.2	1	4.68	0	1606.73	0
37.2	2	7.32	0	1555.74	0
37.2	3	0.09568	0	506.251	0
37.2	4	0.11232	0	490.882	0
37.3	1	3.96	0	1609.49	0
37.3	2	8.04	0	1561.4	0
37.3	3	0.14144	0	507.987	0
37.3	4	0.06656	0	491.699	0
37.4	1	7.92	0	1615.17	0
37.4	2	3.96	0	1564.3	0
37.4	3	0.10816	0	509.315	0
37.4	4	0.09984	0	492.925	0
37.5	1	7.56	0	1620.88	0
37.5	2	4.44	0	1567.58	0
37.5	3	0.0624	0	510.081	0
37.5	4	0.1456	0	494.712	0
37.6	1	3.36	0	1623.47	0
37.6	2	8.64	0	1574.11	0
37.6	3	0.1248	0	511.612	0
37.6	4	0.0832	0	495.733	0
37.7	1	6.48	0	1628.57	0
37.7	2	5.52	0	1578.47	0
37.7	3	0.14144	0	513.348	0
37.7	4	0.06656	0	496.55	0
37.8	1	8.52	0	1635.42	0
37.8	2	3.48	0	1581.25	0
37.8	3	0.05824	0	514.063	0
37.8	4	0.14976	0	498.388	0
37.9	1	3.48	0	1638.25	0
37.9	2	8.52	0	1588.19	0
37.9	3	0.10816	0	515.391	0
37.9	4	0.09984	0	499.613	0
38	1	6.12	0	1643.27	0
38	2	5.88	0	1593.04	0
38	3	0.1456	0	517.178	0
38	4	0.0624	0	500.379	0
38.1	1	8.04	0	1649.98	0
38.1	2	3.96	0	1596.36	0
38.1	3	0.0624	0	517.943	0
38.1	4	0.1456	0	502.166	0
38.2	1	3.72	0	1653.08	0
38.2	2	8.16	0	1603.37	0
38.2	3	0.11232	0	519.322	0
38.2	4	0.09568	0	503.341	0
38.3	1	6.96	0	1659.22	0
38.3	2	5.04	0	1607.56	0
38.3	3	0.1248	0	520.854	0
38.3	4	0.07904	0	504.311	0
38.4	1	6.36	1	1664.54	0
38.4	2	5.64	0	1612.64	0
38.4	3	0.08736	0	521.926	0
38.4	4	0.1248	0	505.842	0
38.5	1	6	0	1669.92	0
38.5	2	6	1	1617.85	0
38.5	3	0.11232	0	523.304	0
38.5	4	0.09568	0	507.017	0
38.6	1	6	1	1675.13	0
38.6	2	6	1	1623.16	0
38.6	3	0.22976	0	525.756	0
38.6	4	0.12032	0	508.446	0
38.7	1	4.94784	0	1679.09	0
38.7	2	7.02048	0	1628.81	0
38.7	3	0.23936	0	528.309	0
38.7	4	0.24384	0	511	0
38.8	1	6.48	0	1683.26	0
38.8	2	5.52	0	1632.05	0
38.8	3	0.21568	0	530.658	0
38.8	4	0.24512	0	513.451	0
38.9	1	6.84	0	1687.31	0
38.9	2	3.24	0	1634.11	0
38.9	3	0.0624	0	531.424	0
38.9	4	0.17056	0	515.544	0
39	1	5.88	0	1690.43	0
39	2	6.12	0	1638.49	0
39	3	0.09568	0	532.598	0
39	4	0.11232	0	516.923	0
39.1	1	5.16	0	1693.23	0
39.1	2	6.84	0	1642.23	0
39.1	3	0.12064	0	534.079	0
39.1	4	0.08736	0	517.995	0
39.2	1	4.8	0	1695.9	0
39.2	2	7.2	0	1646.23	0
39.2	3	0.1248	0	535.61	0
39.2	4	0.0832	0	519.016	0
39.3	1	5.64	0	1699.18	0
39.3	2	6.36	0	1649.92	0
39.3	3	0.1248	0	537.142	0
39.3	4	0.0832	0	520.037	0
39.4	1	7.32	0	1703.54	0
39.4	2	4.68	0	1652.67	0
39.4	3	0.08736	0	538.214	0
39.4	4	0.12064	0	521.518	0
39.5	1	7.56	0	1708.05	0
39.5	2	4.32	0	1655.23	0
39.5	3	0.07904	0	539.185	0
39.5	4	0.1248	0	523.05	0
39.6	1	5.52	0	1711.44	0
39.6	2	6.48	0	1659.21	0
39.6	3	0.09152	0	540.308	0
39.6	4	0.11648	0	524.48	0
39.7	1	4.44	0	1714.2	0
39.7	2	7.56	0	1663.91	0
39.7	3	0.13312	0	541.942	0
39.7	4	0.07904	0	525.45	0
39.8	1	5.4	0	1717.63	0
39.8	2	6.6	0	1668.17	0
39.8	3	0.13312	0	543.575	0
39.8	4	0.07072	0	526.318	0
39.9	1	7.68	0	1722.54	0
39.9	2	4.32	0	1670.94	0
39.9	3	0.08736	0	544.648	0
39.9	4	0.1248	0	527.849	0
40	1	7.68	0	1727.57	0
40	2	4.32	0	1673.7	0
40	3	0.07488	0	545.567	0
40	4	0.13312	0	529.483	0
40.1	1	4.2	0	1730.35	0
40.1	2	7.8	0	1678.8	0
40.1	3	0.10816	0	546.894	0
40.1	4	0.09984	0	530.709	0
40.2	1	4.08	0	1733.06	0
40.2	2	7.8	0	1683.98	0
40.2	3	0.13728	0	548.579	0
40.2	4	0.06656	0	531.525	0
40.3	1	7.8	0	1738.3	0
40.3	2	4.2	0	1686.84	0
40.3	3	0.104	0	549.856	0
40.3	4	0.104	0	532.802	0
40.4	1	7.92	0	1743.69	0
40.4	2	4.08	0	1689.61	0
40.4	3	0.07072	0	550.724	0
40.4	4	0.13728	0	534.487	0
40.5	1	4.44	0	1746.71	0
40.5	2	7.56	0	1694.69	0
40.5	3	0.09984	0	551.949	0
40.5	4	0.10816	0	535.814	0
40.6	1	3.96	0	1749.42	0
40.6	2	8.04	0	1700.2	0
40.6	3	0.14144	0	553.685	0
40.6	4	0.06656	0	536.631	0
40.7	1	7.8	0	1754.85	0
40.7	2	4.2	0	1703.13	0
40.7	3	0.10816	0	555.012	0
40.7	4	0.09984	0	537.857	0
40.8	1	8.16	0	1760.47	0
40.8	2	3.84	0	1705.81	0
40.8	3	0.07072	0	555.88	0
40.8	4	0.13728	0	539.541	0
40.9	1	4.2	0	1763.36	0
40.9	2	7.8	0	1711.24	0
40.9	3	0.104	0	557.157	0
40.9	4	0.104	0	540.818	0
41	1	3.96	0	1766.09	0
41	2	7.92	0	1716.76	0
41	3	0.14144	0	558.893	0
41	4	0.06656	0	541.635	0
41.1	1	8.16	0	1771.71	0
41.1	2	3.84	0	1719.44	0
41.1	3	0.09984	0	560.118	0
41.1	4	0.104	0	542.911	0
41.2	1	7.92	0	1777.16	0
41.2	2	4.08	0	1722.28	0
41.2	3	0.07072	0	560.986	0
41.2	4	0.13728	0	544.596	0
41.3	1	4.08	0	1779.97	0
41.3	2	7.92	0	1727.8	0
41.3	3	0.11232	0	562.365	0
41.3	4	0.09984	0	545.822	0
41.4	1	4.32	0	1782.95	0
41.4	2	7.68	0	1733.15	0
41.4	3	0.14144	0	564.101	0
41.4	4	0.06656	0	546.638	0
41.5	1	8.16	0	1788.56	0
41.5	2	3.84	0	1735.83	0
41.5	3	0.09568	0	565.275	0
41.5	4	0.10816	0	547.966	0
41.6	1	7.68	0	1793.85	0
41.6	2	4.32	0	1738.84	0
41.6	3	0.07072	0	566.143	0
41.6	4	0.13728	0	549.651	0
41.7	1	3.96	0	1796.58	0
41.7	2	7.92	0	1744.36	0
41.7	3	0.11648	0	567.573	0
41.7	4	0.09152	0	550.774	0
41.8	1	4.68	0	1799.8	0
41.8	2	7.32	0	1749.46	0
41.8	3	0.14144	0	569.309	0
41.8	4	0.06656	0	551.591	0
41.9	1	8.16	0	1805.42	0
41.9	2	3.84	0	1752.13	0
41.9	3	0.09152	0	570.432	0
41.9	4	0.11648	0	553.021	0
42	1	7.32	0	1810.46	0
42	2	4.68	0	1755.39	0
42	3	0.07072	0	571.3	0
42	4	0.13728	0	554.706	0
42.1	1	4.08	0	1813.27	0
42.1	2	7.92	0	1760.91	0
42.1	3	0.12064	0	572.78	0
42.1	4	0.08736	0	555.778	0
42.2	1	4.92	0	1816.65	0
42.2	2	7.08	0	1765.85	0
42.2	3	0.14144	0	574.516	0
42.2	4	0.06656	0	556.595	0
42.3	1	8.16	0	1822.27	0
42.3	2	3.84	0	1768.52	0
42.3	3	0.08736	0	575.589	0
42.3	4	0.12064	0	558.075	0
42.4	1	7.08	0	1827.15	0
42.4	2	4.92	0	1771.95	0
42.4	3	0.07072	0	576.457	0
42.4	4	0.13728	0	559.76	0
42.5	1	3.96	0	1829.87	0
42.5	2	7.92	0	1777.47	0
42.5	3	0.1248	0	577.988	0
42.5	4	0.0832	0	560.781	0
42.6	1	5.28	0	1833.51	0
42.6	2	6.72	0	1782.15	0
42.6	3	0.14144	0	579.724	0
42.6	4	0.06656	0	561.598	0
42.7	1	8.16	0	1839.13	0
42.7	2	3.84	0	1784.83	0
42.7	3	0.07904	0	580.694	0
42.7	4	0.1248	0	563.13	0
42.8	1	6.72	0	1843.75	0
42.8	2	5.28	0	1788.51	0
42.8	3	0.07072	0	581.562	0
42.8	4	0.13728	0	564.815	0
42.9	1	4.08	0	1846.56	0
42.9	2	7.92	0	1794.03	0
42.9	3	0.13312	0	583.196	0
42.9	4	0.07904	0	565.785	0
43	1	5.52	0	1850.36	0
43	2	6.48	0	1798.54	0
43	3	0.14144	0	584.932	0
43	4	0.06656	0	566.602	0
43.1	1	8.16	0	1855.98	0
43.1	2	3.84	0	1801.22	0
43.1	3	0.07488	0	585.851	0
43.1	4	0.12896	0	568.185	0
43.2	1	6.36	0	1860.36	0
43.2	2	5.52	0	1805.06	0
43.2	3	0.07072	0	586.719	0
43.2	4	0.13728	0	569.87	0
43.3	1	3.96	0	1863.12	0
43.3	2	8.04	0	1810.68	0
43.3	3	0.13728	0	588.404	0
43.3	4	0.07072	0	570.738	0
43.4	1	6.12	0	1867.44	0
43.4	2	5.88	0	1814.88	0
43.4	3	0.13728	0	590.089	0
43.4	4	0.07072	0	571.606	0
43.5	1	8.16	0	1873.26	0
43.5	2	3.84	0	1817.6	0
43.5	3	0.06656	0	590.906	0
43.5	4	0.14144	0	573.342	0
43.6	1	5.4	0	1877.12	0
43.6	2	6.6	0	1822.26	0
43.6	3	0.07904	0	591.876	0
43.6	4	0.12896	0	574.924	0
43.7	1	3.72	0	1879.82	0
43.7	2	8.28	0	1828.24	0
43.7	3	0.1456	0	593.663	0
43.7	4	0.0624	0	575.69	0
43.8	1	7.56	0	1885.34	0
43.8	2	4.44	0	1831.48	0
43.8	3	0.11648	0	595.093	0
43.8	4	0.09152	0	576.814	0
43.9	1	8.28	0	1891.38	0
43.9	2	3.72	0	1834.19	0
43.9	3	0.06656	0	595.91	0
43.9	4	0.14144	0	578.549	0
44	1	3.6	0	1894.04	0
44	2	8.28	0	1840.38	0
44	3	0.10816	0	597.237	0
44	4	0.09568	0	579.724	0
44.1	1	5.16	0	1897.85	0
44.1	2	6.84	0	1845.52	0
44.1	3	0.14976	0	599.075	0
44.1	4	0.0624	0	580.49	0
44.2	1	8.64	0	1904.45	0
44.2	2	3.36	0	1848.07	0
44.2	3	0.07072	0	599.943	0
44.2	4	0.13312	0	582.124	0
44.3	1	5.16	0	1908.43	0
44.3	2	6.84	0	1853.31	0
44.3	3	0.07904	0	600.913	0
44.3	4	0.13312	0	583.757	0
44.4	1	3.6	0	1911.21	0
44.4	2	8.4	0	1859.88	0
44.4	3	0.14976	0	602.751	0
44.4	4	0.05408	0	584.421	0
44.5	1	8.76	0	1918.19	0
44.5	2	3.24	0	1862.43	0
44.5	3	0.09568	0	603.926	0
44.5	4	0.11232	0	585.8	0
44.6	1	6.12	0	1923.11	0
44.6	2	5.88	0	1867.11	0
44.6	3	0.0624	0	604.691	0
44.6	4	0.14976	0	587.638	0
44.7	1	3.6	0	1926.04	0
44.7	2	8.28	0	1873.95	0
44.7	3	0.15392	0	606.581	0
44.7	4	0.04992	0	588.25	0
44.8	1	8.64	0	1933.34	0
44.8	2	3.36	0	1876.75	0
44.8	3	0.09984	0	607.806	0
44.8	4	0.10816	0	589.578	0
44.9	1	5.52	0	1937.95	0
44.9	2	6.48	0	1882.36	0
44.9	3	0.07488	0	608.725	0
44.9	4	0.13312	0	591.212	0
45	1	5.04	0	1942.4	0
45	2	6.96	0	1888.28	0
45	3	0.13728	0	610.41	0
45	4	0.07072	0	592.08	0
45.1	1	6.84	1	1948.51	0
45.1	2	5.16	0	1892.79	0
45.1	3	0.09152	0	611.533	0
45.1	4	0.11648	0	593.509	0
45.2	1	6	1	1953.63	0
45.2	2	6	1	1898.5	0
45.2	3	0.1408	0	613.167	0
45.2	4	0.09984	0	594.735	0
45.3	1	6	0	1959.15	0
45.3	2	6	1	1903.99	0
45.3	3	0.24	0	615.72	0
45.3	4	0.1632	0	596.573	0
45.4	1	5.09536	0	1962.92	0
45.4	2	6.88128	0	1909.57	0
45.4	3	0.21664	0	618.018	0
45.4	4	0.28064	0	599.382	0
45.5	1	4.8	0	1966.19	0
45.5	2	7.2	0	1914.13	0
45.5	3	0.21952	0	620.469	0
45.5	4	0.17824	0	601.271	0
45.6	1	7.2	0	1970.6	0
45.6	2	3.12	0	1916.53	0
45.6	3	0.07488	0	621.388	0
45.6	4	0.16224	0	603.263	0
45.7	1	7.44	0	1975.07	0
45.7	2	4.56	0	1919.88	0
45.7	3	0.07904	0	622.359	0
45.7	4	0.1248	0	604.794	0
45.8	1	4.8	0	1978.11	0
45.8	2	7.2	0	1924.31	0
45.8	3	0.09984	0	623.584	0
45.8	4	0.10816	0	606.122	0
45.9	1	4.08	0	1980.76	0
45.9	2	7.92	0	1929.44	0
45.9	3	0.13312	0	625.218	0
45.9	4	0.07488	0	607.041	0
46	1	6.72	0	1985.31	0
46	2	5.16	0	1932.94	0
46	3	0.12064	0	626.698	0
46	4	0.08736	0	608.113	0
46.1	1	8.16	0	1991.02	0
46.1	2	3.84	0	1935.58	0
46.1	3	0.07072	0	627.566	0
46.1	4	0.13728	0	609.798	0
46.2	1	4.8	0	1994.48	0
46.2	2	7.2	0	1940.71	0
46.2	3	0.08736	0	628.639	0
46.2	4	0.12064	0	611.279	0
46.3	1	3.6	0	1997.09	0
46.3	2	8.4	0	1946.96	0
46.3	3	0.1456	0	630.426	0
46.3	4	0.0624	0	612.044	0
46.4	1	8.52	0	2003.51	0
46.4	2	3.48	0	1949.61	0
46.4	3	0.104	0	631.702	0
46.4	4	0.104	0	613.321	0
46.5	1	6.84	0	2008.84	0
46.5	2	5.16	0	1953.56	0
46.5	3	0.05824	0	632.417	0
46.5	4	0.14976	0	615.159	0
46.6	1	3.24	0	2011.41	0
46.6	2	8.76	0	1960.6	0
46.6	3	0.14144	0	634.153	0
46.6	4	0.06656	0	615.976	0
46.7	1	7.8	0	2017.71	0
46.7	2	4.08	0	1963.93	0
46.7	3	0.12064	0	635.634	0
46.7	4	0.08736	0	617.048	0
46.8	1	7.08	0	2023.56	0
46.8	2	4.92	0	1968	0
46.8	3	0.04992	0	636.246	0
46.8	4	0.15392	0	618.937	0
46.9	1	3.36	0	2026.36	0
46.9	2	8.64	0	1975.21	0
46.9	3	0.14144	0	637.982	0
46.9	4	0.07072	0	619.805	0
47	1	7.92	0	2033.23	0
47	2	4.08	0	1978.58	0
47	3	0.11648	0	639.412	0
47	4	0.08736	0	620.877	0
47.1	1	5.88	0	2038.11	0
47.1	2	6.12	0	1984.08	0
47.1	3	0.07488	0	640.331	0
47.1	4	0.13728	0	622.562	0
47.2	1	5.52	0	2043.05	0
47.2	2	6.48	1	1989.67	0
47.2	3	0.12064	0	641.811	0
47.2	4	0.0832	0	623.583	0
47.3	1	6.12	1	2048.44	0
47.3	2	5.88	0	1994.93	0
47.3	3	0.09984	0	643.037	0
47.3	4	0.1184	0	625.013	0
47.4	1	6	1	2053.82	0
47.4	2	6	1	2000.2	0
47.4	3	0.13184	0	644.569	0
47.4	4	0.24	0	627.566	0
47.5	1	7.016	0	2059.4	0
47.5	2	4.97216	0	2003.97	0
47.5	3	0.26336	0	647.275	0
47.5	4	0.22496	0	629.967	0
47.6	1	3.72	0	2062.12	0
47.6	2	8.16	0	2009.96	0
47.6	3	0.20768	0	649.369	0
47.6	4	0.21792	0	632.367	0
47.7	1	5.88	0	2066.22	0
47.7	2	4.92	0	2012.15	0
47.7	3	0.17888	0	651.565	0
47.7	4	0.09152	0	633.49	0
47.8	1	6.36	0	2069.62	0
47.8	2	4.8	0	2014.34	0
47.8	3	0.12064	0	653.045	0
47.8	4	0.07072	0	634.358	0
47.9	1	6.48	0	2072.54	0
47.9	2	4.92	0	2016.59	0
47.9	3	0.12064	0	654.526	0
47.9	4	0.07072	0	635.226	0
48	1	6.72	0	2075.57	0
48	2	5.16	0	2018.93	0
48	3	0.11648	0	655.956	0
48	4	0.0832	0	636.247	0
48.1	1	6.96	0	2078.71	0
48.1	2	5.04	0	2021.21	0
48.1	3	0.11648	0	657.385	0
48.1	4	0.08736	0	637.319	0
48.2	1	7.32	0	2082.01	0
48.2	2	4.56	0	2023.27	0
48.2	3	0.11648	0	658.815	0
48.2	4	0.09152	0	638.442	0
48.3	1	7.56	0	2085.49	0
48.3	2	4.44	0	2025.34	0
48.3	3	0.11648	0	660.244	0
48.3	4	0.09152	0	639.566	0
48.4	1	7.56	0	2089.06	0
48.4	2	4.44	0	2027.43	0
48.4	3	0.11232	0	661.623	0
48.4	4	0.09152	0	640.689	0
48.5	1	7.68	0	2092.68	0
48.5	2	4.32	0	2029.5	0
48.5	3	0.11648	0	663.053	0
48.5	4	0.09152	0	641.812	0
48.6	1	7.8	0	2096.49	0
48.6	2	4.08	0	2031.49	0
48.6	3	0.11232	0	664.431	0
48.6	4	0.09568	0	642.987	0
48.7	1	6.84	0	2099.88	0
48.7	2	5.16	0	2034.06	0
48.7	3	0.11232	0	665.81	0
48.7	4	0.09568	0	644.161	0
48.8	1	6.36	0	2103.13	0
48.8	2	5.64	0	2036.85	0
48.8	3	0.12064	0	667.29	0
48.8	4	0.08736	0	645.233	0
48.9	1	6.48	0	2106.42	0
48.9	2	5.52	0	2039.64	0
48.9	3	0.13728	0	668.975	0
48.9	4	0.07072	0	646.101	0
49	1	6.48	0	2109.71	0
49	2	5.52	0	2042.48	0
49	3	0.13728	0	670.66	0
49	4	0.07072	0	646.969	0
49.1	1	6.36	0	2112.98	0
49.1	2	5.64	0	2045.45	0
49.1	3	0.13728	0	672.345	0
49.1	4	0.07072	0	647.837	0
49.2	1	6.84	0	2116.55	0
49.2	2	5.16	0	2048.15	0
49.2	3	0.12064	0	673.826	0
49.2	4	0.08736	0	648.909	0
49.3	1	7.92	0	2120.75	0
49.3	2	3.96	0	2050.21	0
49.3	3	0.10816	0	675.153	0
49.3	4	0.09984	0	650.135	0
49.4	1	8.04	0	2125.05	0
49.4	2	3.96	0	2052.29	0
49.4	3	0.10816	0	676.481	0
49.4	4	0.09984	0	651.36	0
49.5	1	7.8	0	2129.25	0
49.5	2	4.2	0	2054.52	0
49.5	3	0.10816	0	677.808	0
49.5	4	0.09984	0	652.585	0
49.6	1	6.24	0	2132.61	0
49.6	2	5.76	0	2057.62	0
49.6	3	0.11232	0	679.187	0
49.6	4	0.09568	0	653.76	0
49.7	1	6.24	0	2135.97	0
49.7	2	5.76	0	2060.72	0
49.7	3	0.14144	0	680.923	0
49.7	4	0.06656	0	654.577	0
49.8	1	6.24	0	2139.33	0
49.8	2	5.76	0	2063.82	0
49.8	3	0.14144	0	682.659	0
49.8	4	0.06656	0	655.394	0
49.9	1	6.24	0	2142.68	0
49.9	2	5.76	0	2066.92	0
49.9	3	0.13728	0	684.344	0
49.9	4	0.07072	0	656.262	0
