1.1	1	13.9286	0	1.84289	0
1.1	2	0.2416	0	0.118927	0
1.2	1	15	0	4.65788	0
1.2	2	0.25792	0	0.246052	0
1.3	1	15	0	8.06806	0
1.3	2	0.26208	0	0.375227	0
1.4	1	14.88	0	12.0402	0
1.4	2	0.25792	0	0.502352	0
1.5	1	15	0	16.6384	0
1.5	2	0.26208	0	0.631527	0
1.6	1	15	0	21.8318	0
1.6	2	0.25792	0	0.758652	0
1.7	1	15	0	27.6219	0
1.7	2	0.25792	0	0.885777	0
1.8	1	15	1	34.0073	0
1.8	2	0.26208	0	1.01495	0
1.9	1	14.9194	0	40.5583	0
1.9	2	0.5056	0	1.24106	0
2	1	15	0	46.3887	0
2	2	0.2912	0	1.38458	0
2.1	1	15	0	51.4772	0
2.1	2	0.25792	0	1.51171	0
2.2	1	15	0	56.7282	0
2.2	2	0.26208	0	1.64088	0
2.3	1	15	0	62.1322	0
2.3	2	0.25792	0	1.76801	0
2.4	1	14.88	0	67.6345	0
2.4	2	0.26208	0	1.89718	0
2.5	1	15	0	73.3085	0
2.5	2	0.25792	0	2.02431	0
2.6	1	15	0	79.121	0
2.6	2	0.26208	0	2.15348	0
2.7	1	15	0	85.053	0
2.7	2	0.25792	0	2.28061	0
2.8	1	15	0	91.0963	0
2.8	2	0.25792	0	2.40773	0
2.9	1	15	0	97.2445	0
2.9	2	0.26208	0	2.53691	0
3	1	14.88	1	103.396	0
3	2	0.4096	0	2.72186	0
3.1	1	15.0554	0	108.813	0
3.1	2	0.33632	0	2.88393	0
3.2	1	15	0	113.27	0
3.2	2	0.26208	0	3.0131	0
3.3	1	14.88	0	117.78	0
3.3	2	0.25792	0	3.14023	0
3.4	1	15	0	122.409	0
3.4	2	0.26208	0	3.2694	0
3.5	1	15	0	127.109	0
3.5	2	0.25792	0	3.39653	0
3.6	1	15	0	131.907	0
3.6	2	0.25792	0	3.52365	0
3.7	1	15	0	136.759	0
3.7	2	0.26208	0	3.65283	0
3.8	1	15	0	141.66	0
3.8	2	0.25792	0	3.77995	0
3.9	1	14.88	0	146.605	0
3.9	2	0.26208	0	3.90913	0
4	1	15	0	151.606	0
4	2	0.25792	0	4.03625	0
4.1	1	15	0	156.693	0
4.1	2	0.26208	0	4.16543	0
4.2	1	15	0	161.793	0
4.2	2	0.25792	0	4.29255	0
4.3	1	15	0	166.933	0
4.3	2	0.25792	0	4.41968	0
4.4	1	15	0	172.134	0
4.4	2	0.26208	0	4.54885	0
4.5	1	14.88	0	177.293	0
4.5	2	0.25792	0	4.67598	0
4.6	1	15	0	182.494	0
4.6	2	0.26208	0	4.80515	0
4.7	1	15	0	187.779	0
4.7	2	0.25792	0	4.93228	0
4.8	1	15	0	193.08	0
4.8	2	0.25792	0	5.0594	0
4.9	1	15	0	198.381	0
4.9	2	0.26208	0	5.18858	0
5	1	15	0	203.682	0
5	2	0.25792	0	5.3157	0
5.1	1	14.88	0	208.941	0
5.1	2	0.26208	0	5.44488	0
5.2	1	15	0	214.242	0
5.2	2	0.25792	0	5.572	0
5.3	1	15	0	219.543	0
5.3	2	0.26208	0	5.70118	0
5.4	1	15	0	224.844	0
5.4	2	0.25792	0	5.8283	0
5.5	1	15	0	230.146	0
5.5	2	0.25792	0	5.95543	0
5.6	1	15	0	235.446	0
5.6	2	0.26208	0	6.0846	0
5.7	1	14.88	0	240.705	0
5.7	2	0.25792	0	6.21173	0
5.8	1	15	0	246.006	0
5.8	2	0.26208	0	6.3409	0
5.9	1	15	0	251.307	0
5.9	2	0.25792	0	6.46803	0
6	1	15	0	256.609	0
6	2	0.25792	0	6.59515	0
6.1	1	15	0	261.909	0
6.1	2	0.26208	0	6.72433	0
6.2	1	15	0	267.211	0
6.2	2	0.25792	0	6.85145	0
6.3	1	14.88	0	272.47	0
6.3	2	0.26208	0	6.98063	0
6.4	1	15	0	277.77	0
6.4	2	0.25792	0	7.10775	0
6.5	1	15	0	283.072	0
6.5	2	0.26208	0	7.23693	0
6.6	1	15	0	288.372	0
6.6	2	0.25792	0	7.36405	0
6.7	1	15	0	293.674	0
6.7	2	0.25792	0	7.49118	0
6.8	1	15	0	298.975	0
6.8	2	0.26208	0	7.62035	0
6.9	1	14.88	0	304.233	0
6.9	2	0.25792	0	7.74748	0
7	1	15	0	309.535	0
7	2	0.26208	0	7.87665	0
7.1	1	15	0	314.836	0
7.1	2	0.25792	0	8.00378	0
7.2	1	15	0	320.137	0
7.2	2	0.25792	0	8.1309	0
7.3	1	15	0	325.438	0
7.3	2	0.26208	0	8.26008	0
7.4	1	15	0	330.808	0
7.4	2	0.25792	0	8.3872	0
7.5	1	14.88	0	336.166	0
7.5	2	0.26208	0	8.51638	0
7.6	1	15	0	341.568	0
7.6	2	0.25792	0	8.6435	0
7.7	1	15	0	347.06	0
7.7	2	0.26208	0	8.77268	0
7.8	1	15	0	352.561	0
7.8	2	0.25792	0	8.8998	0
7.9	1	15	0	358.063	0
7.9	2	0.25792	0	9.02692	0
8	1	15	0	363.631	0
8	2	0.26208	0	9.1561	0
8.1	1	14.88	0	369.188	0
8.1	2	0.25792	0	9.28322	0
8.2	1	15	0	374.859	0
8.2	2	0.26208	0	9.4124	0
8.3	1	15	0	380.564	0
8.3	2	0.25792	0	9.53952	0
8.4	1	15	0	386.365	0
8.4	2	0.25792	0	9.66665	0
8.5	1	15	0	392.223	0
8.5	2	0.26208	0	9.79582	0
8.6	1	15	0	398.151	0
8.6	2	0.25792	0	9.92295	0
8.7	1	14.88	0	404.112	0
8.7	2	0.26208	0	10.0521	0
8.8	1	15	0	410.213	0
8.8	2	0.25792	0	10.1792	0
8.9	1	15	1	416.412	0
8.9	2	0.26208	0	10.3084	0
9	1	15.0272	0	422.131	0
9	2	0.488	0	10.5283	0
9.1	1	15	0	427.144	0
9.1	2	0.25792	0	10.6554	0
9.2	1	14.88	0	431.701	0
9.2	2	0.26208	0	10.7846	0
9.3	1	15	0	436.442	0
9.3	2	0.25792	0	10.9117	0
9.4	1	15	0	441.311	0
9.4	2	0.26208	0	11.0409	0
9.5	1	15	0	446.314	0
9.5	2	0.25792	0	11.168	0
9.6	1	15	0	451.441	0
9.6	2	0.25792	0	11.2952	0
9.7	1	15	0	456.679	0
9.7	2	0.26208	0	11.4243	0
9.8	1	14.88	0	461.979	0
9.8	2	0.25792	0	11.5515	0
9.9	1	15	0	467.42	0
9.9	2	0.26208	0	11.6806	0
10	1	15	0	472.952	0
10	2	0.25792	0	11.8078	0
10.1	1	15	0	478.564	0
10.1	2	0.25792	0	11.9349	0
10.2	1	15	0	484.265	0
10.2	2	0.26208	0	12.0641	0
10.3	1	15	0	490.047	0
10.3	2	0.25792	0	12.1912	0
10.4	1	14.88	0	495.836	0
10.4	2	0.26208	0	12.3204	0
10.5	1	15	0	501.738	0
10.5	2	0.25792	0	12.4475	0
10.6	1	15	0	507.706	0
10.6	2	0.26208	0	12.5767	0
10.7	1	15	0	513.708	0
10.7	2	0.25792	0	12.7038	0
10.8	1	15	0	519.781	0
10.8	2	0.25792	0	12.8309	0
10.9	1	15	0	525.882	0
10.9	2	0.26208	0	12.9601	0
11	1	14.88	0	531.956	0
11	2	0.25792	0	13.0872	0
11.1	1	15	1	538.138	0
11.1	2	0.32736	0	13.2412	0
11.2	1	15.0464	0	543.749	0
11.2	2	0.41792	0	13.4342	0
11.3	1	15	0	548.162	0
11.3	2	0.25792	0	13.5614	0
11.4	1	14.88	0	552.55	0
11.4	2	0.26208	0	13.6905	0
11.5	1	15	0	557.055	0
11.5	2	0.25792	0	13.8177	0
11.6	1	15	0	561.654	0
11.6	2	0.25792	0	13.9448	0
11.7	1	15	0	566.329	0
11.7	2	0.26208	0	14.074	0
11.8	1	15	0	571.057	0
11.8	2	0.25792	0	14.2011	0
11.9	1	15	0	575.857	0
11.9	2	0.26208	0	14.3303	0
12	1	14.88	0	580.679	0
12	2	0.25792	0	14.4574	0
12.1	1	15	0	585.58	0
12.1	2	0.26208	0	14.5866	0
12.2	1	15	0	590.542	0
12.2	2	0.25792	0	14.7137	0
12.3	1	15	0	595.543	0
12.3	2	0.25792	0	14.8408	0
12.4	1	15	0	600.558	0
12.4	2	0.26208	0	14.97	0
12.5	1	15	0	605.659	0
12.5	2	0.25792	0	15.0971	0
12.6	1	14.88	0	610.72	0
12.6	2	0.26208	0	15.2263	0
12.7	1	15	0	615.82	0
12.7	2	0.25792	0	15.3534	0
12.8	1	15	0	620.982	0
12.8	2	0.25792	0	15.4805	0
12.9	1	15	0	626.183	0
12.9	2	0.26208	0	15.6097	0
13	1	15	0	631.384	0
13	2	0.25792	0	15.7368	0
13.1	1	15	0	636.585	0
13.1	2	0.26208	0	15.866	0
13.2	1	14.88	0	641.745	0
13.2	2	0.25792	0	15.9931	0
13.3	1	15	0	646.945	0
13.3	2	0.26208	0	16.1223	0
13.4	1	15	0	652.147	0
13.4	2	0.25792	0	16.2494	0
13.5	1	15	0	657.347	0
13.5	2	0.25792	0	16.3766	0
13.6	1	15	0	662.549	0
13.6	2	0.26208	0	16.5057	0
13.7	1	15	0	667.776	0
13.7	2	0.25792	0	16.6329	0
13.8	1	14.88	0	673.035	0
13.8	2	0.26208	0	16.762	0
13.9	1	15	0	678.336	0
13.9	2	0.25792	0	16.8892	0
14	1	15	0	683.637	0
14	2	0.25792	0	17.0163	0
14.1	1	15	0	688.938	0
14.1	2	0.26208	0	17.1455	0
14.2	1	15	0	694.24	0
14.2	2	0.25792	0	17.2726	0
14.3	1	15	0	699.54	0
14.3	2	0.26208	0	17.4018	0
14.4	1	14.88	0	704.799	0
14.4	2	0.25792	0	17.5289	0
14.5	1	15	0	710.1	0
14.5	2	0.26208	0	17.6581	0
14.6	1	15	0	715.401	0
14.6	2	0.25792	0	17.7852	0
14.7	1	15	0	720.703	0
14.7	2	0.25792	0	17.9123	0
14.8	1	15	0	726.003	0
14.8	2	0.26208	0	18.0415	0
14.9	1	15	0	731.305	0
14.9	2	0.25792	0	18.1686	0
15	1	14.88	0	736.564	0
15	2	0.26208	0	18.2978	0
15.1	1	15	0	741.864	0
15.1	2	0.25792	0	18.4249	0
15.2	1	15	0	747.166	0
15.2	2	0.25792	0	18.552	0
15.3	1	15	0	752.466	0
15.3	2	0.26208	0	18.6812	0
15.4	1	15	0	757.768	0
15.4	2	0.25792	0	18.8083	0
15.5	1	15	0	763.069	0
15.5	2	0.26208	0	18.9375	0
15.6	1	14.88	0	768.327	0
15.6	2	0.25792	0	19.0646	0
15.7	1	15	0	773.629	0
15.7	2	0.26208	0	19.1938	0
15.8	1	15	0	778.93	0
15.8	2	0.25792	0	19.3209	0
15.9	1	15	0	784.322	0
15.9	2	0.25792	0	19.4481	0
16	1	15	0	789.724	0
16	2	0.26208	0	19.5772	0
16.1	1	15	0	795.17	0
16.1	2	0.25792	0	19.7044	0
16.2	1	14.88	0	800.627	0
16.2	2	0.26208	0	19.8335	0
16.3	1	15	0	806.174	0
16.3	2	0.25792	0	19.9607	0
16.4	1	15	0	811.776	0
16.4	2	0.25792	0	20.0878	0
16.5	1	15	0	817.456	0
16.5	2	0.26208	0	20.217	0
16.6	1	15	0	823.19	0
16.6	2	0.25792	0	20.3441	0
16.7	1	15	0	828.994	0
16.7	2	0.26208	0	20.4733	0
16.8	1	14.88	0	834.849	0
16.8	2	0.25792	0	20.6004	0
16.9	1	15	0	840.833	0
16.9	2	0.26208	0	20.7296	0
17	1	15	0	846.909	0
17	2	0.25792	0	20.8567	0
17.1	1	15	1	853.083	0
17.1	2	0.25792	0	20.9838	0
17.2	1	14.9341	0	859.178	0
17.2	2	0.4464	0	21.1832	0
17.3	1	15	0	864.204	0
17.3	2	0.30368	0	21.3329	0
17.4	1	15	0	868.76	0
17.4	2	0.25792	0	21.46	0
17.5	1	15	0	873.466	0
17.5	2	0.26208	0	21.5892	0
17.6	1	15	0	878.311	0
17.6	2	0.25792	0	21.7163	0
17.7	1	14.88	0	883.24	0
17.7	2	0.26208	0	21.8455	0
17.8	1	15	0	888.329	0
17.8	2	0.25792	0	21.9726	0
17.9	1	15	0	893.543	0
17.9	2	0.26208	0	22.1018	0
18	1	15	0	898.861	0
18	2	0.25792	0	22.2289	0
18.1	1	15	0	904.278	0
18.1	2	0.25792	0	22.356	0
18.2	1	15	0	909.785	0
18.2	2	0.26208	0	22.4852	0
18.3	1	14.88	0	915.342	0
18.3	2	0.25792	0	22.6123	0
18.4	1	15	0	921.029	0
18.4	2	0.26208	0	22.7415	0
18.5	1	15	0	926.787	0
18.5	2	0.25792	0	22.8686	0
18.6	1	15	0	932.598	0
18.6	2	0.25792	0	22.9957	0
18.7	1	15	0	938.499	0
18.7	2	0.26208	0	23.1249	0
18.8	1	15	0	944.445	0
18.8	2	0.25792	0	23.252	0
18.9	1	14.88	0	950.399	0
18.9	2	0.26208	0	23.3812	0
19	1	15	0	956.446	0
19	2	0.25792	0	23.5083	0
19.1	1	15	0	962.549	0
19.1	2	0.26208	0	23.6375	0
19.2	1	15	0	968.65	0
19.2	2	0.25792	0	23.7646	0
19.3	1	15	1	974.849	0
19.3	2	0.25792	0	23.8918	0
19.4	1	14.9264	0	980.431	0
19.4	2	0.48736	0	24.1117	0
19.5	1	15	0	985.346	0
19.5	2	0.25792	0	24.2388	0
19.6	1	15	0	989.745	0
19.6	2	0.25792	0	24.3659	0
19.7	1	15	0	994.245	0
19.7	2	0.26208	0	24.4951	0
19.8	1	15	0	998.825	0
19.8	2	0.25792	0	24.6222	0
19.9	1	14.88	0	1003.44	0
19.9	2	0.26208	0	24.7514	0
20	1	15	0	1008.14	0
20	2	0.25792	0	24.8785	0
20.1	1	15	0	1012.94	0
20.1	2	0.25792	0	25.0056	0
20.2	1	15	0	1017.78	0
20.2	2	0.26208	0	25.1348	0
20.3	1	15	0	1022.68	0
20.3	2	0.25792	0	25.2619	0
20.4	1	15	0	1027.62	0
20.4	2	0.26208	0	25.3911	0
20.5	1	14.88	0	1032.58	0
20.5	2	0.25792	0	25.5182	0
20.6	1	15	0	1037.58	0
20.6	2	0.26208	0	25.6474	0
20.7	1	15	0	1042.67	0
20.7	2	0.25792	0	25.7745	0
20.8	1	15	0	1047.77	0
20.8	2	0.25792	0	25.9017	0
20.9	1	15	0	1052.87	0
20.9	2	0.26208	0	26.0308	0
21	1	15	0	1058.01	0
21	2	0.25792	0	26.158	0
21.1	1	14.88	0	1063.17	0
21.1	2	0.26208	0	26.2871	0
21.2	1	15	0	1068.37	0
21.2	2	0.25792	0	26.4143	0
21.3	1	15	0	1073.57	0
21.3	2	0.25792	0	26.5414	0
21.4	1	15	0	1078.77	0
21.4	2	0.26208	0	26.6706	0
21.5	1	15	0	1083.97	0
21.5	2	0.25792	0	26.7977	0
21.6	1	15	0	1089.17	0
21.6	2	0.26208	0	26.9269	0
21.7	1	14.88	0	1094.33	0
21.7	2	0.25792	0	27.054	0
21.8	1	15	0	1099.53	0
21.8	2	0.26208	0	27.1832	0
21.9	1	15	0	1104.73	0
21.9	2	0.25792	0	27.3103	0
22	1	15	0	1109.94	0
22	2	0.25792	0	27.4374	0
22.1	1	15	0	1115.14	0
22.1	2	0.26208	0	27.5666	0
22.2	1	15	0	1120.34	0
22.2	2	0.25792	0	27.6937	0
22.3	1	14.88	0	1125.5	0
22.3	2	0.26208	0	27.8229	0
22.4	1	15	0	1130.7	0
22.4	2	0.25792	0	27.95	0
22.5	1	15	0	1135.9	0
22.5	2	0.25792	0	28.0771	0
22.6	1	15	0	1141.1	0
22.6	2	0.26208	0	28.2063	0
22.7	1	15	0	1146.3	0
22.7	2	0.25792	0	28.3334	0
22.8	1	15	0	1151.5	0
22.8	2	0.26208	0	28.4626	0
22.9	1	14.88	0	1156.66	0
22.9	2	0.25792	0	28.5897	0
23	1	15	0	1161.86	0
23	2	0.26208	0	28.7189	0
23.1	1	15	0	1167.06	0
23.1	2	0.25792	0	28.846	0
23.2	1	15	0	1172.26	0
23.2	2	0.25792	0	28.9732	0
23.3	1	15	0	1177.47	0
23.3	2	0.26208	0	29.1023	0
23.4	1	15	0	1182.67	0
23.4	2	0.25792	0	29.2295	0
23.5	1	14.88	0	1187.85	0
23.5	2	0.26208	0	29.3586	0
23.6	1	15	0	1193.15	0
23.6	2	0.25792	0	29.4858	0
23.7	1	15	0	1198.45	0
23.7	2	0.25792	0	29.6129	0
23.8	1	15	0	1203.75	0
23.8	2	0.26208	0	29.7421	0
23.9	1	15	0	1209.05	0
23.9	2	0.25792	0	29.8692	0
24	1	15	0	1214.35	0
24	2	0.26208	0	29.9984	0
24.1	1	14.88	0	1219.68	0
24.1	2	0.25792	0	30.1255	0
24.2	1	15	0	1225.08	0
24.2	2	0.26208	0	30.2547	0
24.3	1	15	0	1230.5	0
24.3	2	0.25792	0	30.3818	0
24.4	1	15	0	1236	0
24.4	2	0.25792	0	30.5089	0
24.5	1	15	0	1241.52	0
24.5	2	0.26208	0	30.6381	0
24.6	1	15	0	1247.12	0
24.6	2	0.25792	0	30.7652	0
24.7	1	14.88	0	1252.74	0
24.7	2	0.26208	0	30.8944	0
24.8	1	15	0	1258.45	0
24.8	2	0.25792	0	31.0215	0
24.9	1	15	0	1264.25	0
24.9	2	0.26208	0	31.1507	0
25	1	15	0	1270.13	0
25	2	0.25792	0	31.2778	0
25.1	1	15	0	1276.09	0
25.1	2	0.25792	0	31.4049	0
25.2	1	15	0	1282.14	0
25.2	2	0.26208	0	31.5341	0
25.3	1	14.88	0	1288.24	0
25.3	2	0.25792	0	31.6612	0
25.4	1	15	1	1294.45	0
25.4	2	0.41984	0	31.8503	0
25.5	1	15.0541	0	1299.82	0
25.5	2	0.33024	0	32.0103	0
25.6	1	14.88	0	1304.31	0
25.6	2	0.25792	0	32.1374	0
25.7	1	15	0	1308.98	0
25.7	2	0.26208	0	32.2666	0
25.8	1	15	0	1313.79	0
25.8	2	0.25792	0	32.3937	0
25.9	1	15	0	1318.73	0
25.9	2	0.25792	0	32.5208	0
26	1	15	0	1323.8	0
26	2	0.26208	0	32.65	0
26.1	1	15	0	1328.98	0
26.1	2	0.25792	0	32.7771	0
26.2	1	14.88	0	1334.22	0
26.2	2	0.26208	0	32.9063	0
26.3	1	15	0	1339.62	0
26.3	2	0.25792	0	33.0334	0
26.4	1	15	0	1345.11	0
26.4	2	0.26208	0	33.1626	0
26.5	1	15	0	1350.69	0
26.5	2	0.25792	0	33.2897	0
26.6	1	15	0	1356.35	0
26.6	2	0.25792	0	33.4169	0
26.7	1	15	0	1362.09	0
26.7	2	0.26208	0	33.546	0
26.8	1	14.88	0	1367.84	0
26.8	2	0.25792	0	33.6732	0
26.9	1	15	0	1373.73	0
26.9	2	0.26208	0	33.8023	0
27	1	15	0	1379.65	0
27	2	0.25792	0	33.9295	0
27.1	1	15	0	1385.65	0
27.1	2	0.25792	0	34.0566	0
27.2	1	15	0	1391.68	0
27.2	2	0.26208	0	34.1858	0
27.3	1	15	0	1397.78	0
27.3	2	0.25792	0	34.3129	0
27.4	1	14.88	0	1403.83	0
27.4	2	0.26208	0	34.4421	0
27.5	1	15	1	1410.01	0
27.5	2	0.25792	0	34.5692	0
27.6	1	15.0464	0	1416.06	0
27.6	2	0.4416	0	34.7665	0
27.7	1	15	0	1420.9	0
27.7	2	0.30368	0	34.9162	0
27.8	1	14.88	0	1425.25	0
27.8	2	0.25792	0	35.0433	0
27.9	1	15	0	1429.73	0
27.9	2	0.26208	0	35.1725	0
28	1	15	0	1434.28	0
28	2	0.25792	0	35.2996	0
28.1	1	15	0	1438.91	0
28.1	2	0.25792	0	35.4268	0
28.2	1	15	0	1443.61	0
28.2	2	0.26208	0	35.5559	0
28.3	1	15	0	1448.39	0
28.3	2	0.25792	0	35.6831	0
28.4	1	14.88	0	1453.16	0
28.4	2	0.26208	0	35.8122	0
28.5	1	15	0	1458.06	0
28.5	2	0.25792	0	35.9394	0
28.6	1	15	0	1462.97	0
28.6	2	0.26208	0	36.0685	0
28.7	1	15	0	1467.98	0
28.7	2	0.25792	0	36.1957	0
28.8	1	15	0	1472.98	0
28.8	2	0.25792	0	36.3228	0
28.9	1	15	0	1478.04	0
28.9	2	0.26208	0	36.452	0
29	1	14.88	0	1483.1	0
29	2	0.25792	0	36.5791	0
29.1	1	15	0	1488.2	0
29.1	2	0.26208	0	36.7083	0
29.2	1	15	0	1493.32	0
29.2	2	0.25792	0	36.8354	0
29.3	1	15	0	1498.52	0
29.3	2	0.25792	0	36.9625	0
29.4	1	15	0	1503.72	0
29.4	2	0.26208	0	37.0917	0
29.5	1	15	0	1508.92	0
29.5	2	0.25792	0	37.2188	0
29.6	1	14.88	0	1514.08	0
29.6	2	0.26208	0	37.348	0
29.7	1	15	0	1519.34	0
29.7	2	0.25792	0	37.4751	0
29.8	1	15	0	1524.64	0
29.8	2	0.26208	0	37.6043	0
29.9	1	15	0	1529.94	0
29.9	2	0.25792	0	37.7314	0
30	1	15	0	1535.25	0
30	2	0.25792	0	37.8585	0
30.1	1	15	0	1540.55	0
30.1	2	0.26208	0	37.9877	0
30.2	1	14.88	0	1545.8	0
30.2	2	0.25792	0	38.1148	0
30.3	1	15	0	1551.11	0
30.3	2	0.26208	0	38.244	0
30.4	1	15	0	1556.41	0
30.4	2	0.25792	0	38.3711	0
30.5	1	15	0	1561.71	0
30.5	2	0.25792	0	38.4983	0
30.6	1	15	0	1567.01	0
30.6	2	0.26208	0	38.6274	0
30.7	1	15	0	1572.31	0
30.7	2	0.25792	0	38.7546	0
30.8	1	14.88	0	1577.57	0
30.8	2	0.26208	0	38.8837	0
30.9	1	15	0	1582.87	0
30.9	2	0.25792	0	39.0109	0
31	1	15	0	1588.17	0
31	2	0.26208	0	39.14	0
31.1	1	15	0	1593.47	0
31.1	2	0.25792	0	39.2672	0
31.2	1	15	0	1598.77	0
31.2	2	0.25792	0	39.3943	0
31.3	1	15	0	1604.07	0
31.3	2	0.26208	0	39.5235	0
31.4	1	14.88	0	1609.33	0
31.4	2	0.25792	0	39.6506	0
31.5	1	15	0	1614.63	0
31.5	2	0.26208	0	39.7798	0
31.6	1	15	0	1619.94	0
31.6	2	0.25792	0	39.9069	0
31.7	1	15	0	1625.24	0
31.7	2	0.25792	0	40.034	0
31.8	1	15	0	1630.54	0
31.8	2	0.26208	0	40.1632	0
31.9	1	15	0	1635.84	0
31.9	2	0.25792	0	40.2903	0
32	1	14.88	0	1641.1	0
32	2	0.26208	0	40.4195	0
32.1	1	15	0	1646.4	0
32.1	2	0.25792	0	40.5466	0
32.2	1	15	0	1651.7	0
32.2	2	0.26208	0	40.6758	0
32.3	1	15	0	1657.04	0
32.3	2	0.25792	0	40.8029	0
32.4	1	15	0	1662.44	0
32.4	2	0.25792	0	40.93	0
32.5	1	15	0	1667.85	0
32.5	2	0.26208	0	41.0592	0
32.6	1	14.88	0	1673.3	0
32.6	2	0.25792	0	41.1863	0
32.7	1	15	0	1678.8	0
32.7	2	0.26208	0	41.3155	0
32.8	1	15	0	1684.4	0
32.8	2	0.25792	0	41.4426	0
32.9	1	15	0	1690.03	0
32.9	2	0.25792	0	41.5698	0
33	1	15	0	1695.73	0
33	2	0.26208	0	41.6989	0
33.1	1	15	0	1701.52	0
33.1	2	0.25792	0	41.8261	0
33.2	1	14.88	0	1707.33	0
33.2	2	0.26208	0	41.9552	0
33.3	1	15	0	1713.26	0
33.3	2	0.25792	0	42.0824	0
33.4	1	15	0	1719.29	0
33.4	2	0.26208	0	42.2115	0
33.5	1	15	0	1725.41	0
33.5	2	0.25792	0	42.3387	0
33.6	1	15	1	1731.62	0
33.6	2	0.33344	0	42.4947	0
33.7	1	14.9341	0	1737.31	0
33.7	2	0.41664	0	42.6877	0
33.8	1	15	0	1741.87	0
33.8	2	0.25792	0	42.8148	0
33.9	1	15	0	1746.51	0
33.9	2	0.25792	0	42.942	0
34	1	15	0	1751.28	0
34	2	0.26208	0	43.0711	0
34.1	1	14.88	0	1756.16	0
34.1	2	0.25792	0	43.1983	0
34.2	1	15	0	1761.2	0
34.2	2	0.26208	0	43.3274	0
34.3	1	15	0	1766.35	0
34.3	2	0.25792	0	43.4546	0
34.4	1	15	0	1771.61	0
34.4	2	0.25792	0	43.5817	0
34.5	1	15	0	1776.98	0
34.5	2	0.26208	0	43.7109	0
34.6	1	15	0	1782.45	0
34.6	2	0.25792	0	43.838	0
34.7	1	14.88	0	1787.96	0
34.7	2	0.26208	0	43.9672	0
34.8	1	15	0	1793.6	0
34.8	2	0.25792	0	44.0943	0
34.9	1	15	0	1799.31	0
34.9	2	0.26208	0	44.2235	0
35	1	15	0	1805.11	0
35	2	0.25792	0	44.3506	0
35.1	1	15	0	1810.98	0
35.1	2	0.25792	0	44.4777	0
35.2	1	15	0	1816.88	0
35.2	2	0.26208	0	44.6069	0
35.3	1	14.88	0	1822.83	0
35.3	2	0.25792	0	44.734	0
35.4	1	15	0	1828.83	0
35.4	2	0.26208	0	44.8632	0
35.5	1	15	0	1834.93	0
35.5	2	0.25792	0	44.9903	0
35.6	1	15	0	1841.03	0
35.6	2	0.25792	0	45.1174	0
35.7	1	15	0	1847.18	0
35.7	2	0.26208	0	45.2466	0
35.8	1	15	1	1853.33	0
35.8	2	0.41504	0	45.4336	0
35.9	1	14.9264	0	1858.56	0
35.9	2	0.33024	0	45.5936	0
36	1	15	0	1862.96	0
36	2	0.25792	0	45.7208	0
36.1	1	15	0	1867.41	0
36.1	2	0.25792	0	45.8479	0
36.2	1	15	0	1871.94	0
36.2	2	0.26208	0	45.9771	0
36.3	1	14.88	0	1876.5	0
36.3	2	0.25792	0	46.1042	0
36.4	1	15	0	1881.2	0
36.4	2	0.26208	0	46.2334	0
36.5	1	15	0	1885.96	0
36.5	2	0.25792	0	46.3605	0
36.6	1	15	0	1890.76	0
36.6	2	0.25792	0	46.4876	0
36.7	1	15	0	1895.64	0
36.7	2	0.26208	0	46.6168	0
36.8	1	15	0	1900.54	0
36.8	2	0.25792	0	46.7439	0
36.9	1	14.88	0	1905.49	0
36.9	2	0.26208	0	46.8731	0
37	1	15	0	1910.5	0
37	2	0.25792	0	47.0002	0
37.1	1	15	0	1915.54	0
37.1	2	0.26208	0	47.1294	0
37.2	1	15	0	1920.64	0
37.2	2	0.25792	0	47.2565	0
37.3	1	15	0	1925.74	0
37.3	2	0.25792	0	47.3836	0
37.4	1	15	0	1930.84	0
37.4	2	0.26208	0	47.5128	0
37.5	1	14.88	0	1935.99	0
37.5	2	0.25792	0	47.6399	0
37.6	1	15	0	1941.19	0
37.6	2	0.26208	0	47.7691	0
37.7	1	15	0	1946.39	0
37.7	2	0.25792	0	47.8962	0
37.8	1	15	0	1951.59	0
37.8	2	0.25792	0	48.0234	0
37.9	1	15	0	1956.79	0
37.9	2	0.26208	0	48.1525	0
38	1	15	0	1961.99	0
38	2	0.25792	0	48.2797	0
38.1	1	14.88	0	1967.15	0
38.1	2	0.26208	0	48.4088	0
38.2	1	15	0	1972.35	0
38.2	2	0.25792	0	48.536	0
38.3	1	15	0	1977.55	0
38.3	2	0.26208	0	48.6651	0
38.4	1	15	0	1982.75	0
38.4	2	0.25792	0	48.7923	0
38.5	1	15	0	1987.96	0
38.5	2	0.25792	0	48.9194	0
38.6	1	15	0	1993.16	0
38.6	2	0.26208	0	49.0486	0
38.7	1	14.88	0	1998.32	0
38.7	2	0.25792	0	49.1757	0
38.8	1	15	0	2003.52	0
38.8	2	0.26208	0	49.3049	0
38.9	1	15	0	2008.72	0
38.9	2	0.25792	0	49.432	0
39	1	15	0	2013.92	0
39	2	0.25792	0	49.5591	0
39.1	1	15	0	2019.12	0
39.1	2	0.26208	0	49.6883	0
39.2	1	15	0	2024.32	0
39.2	2	0.25792	0	49.8154	0
39.3	1	14.88	0	2029.48	0
39.3	2	0.26208	0	49.9446	0
39.4	1	15	0	2034.68	0
39.4	2	0.25792	0	50.0717	0
39.5	1	15	0	2039.94	0
39.5	2	0.26208	0	50.2009	0
39.6	1	15	0	2045.24	0
39.6	2	0.25792	0	50.328	0
39.7	1	15	0	2050.54	0
39.7	2	0.25792	0	50.4551	0
39.8	1	15	0	2055.84	0
39.8	2	0.26208	0	50.5843	0
39.9	1	14.88	0	2061.1	0
39.9	2	0.25792	0	50.7114	0
40	1	15	0	2066.4	0
40	2	0.26208	0	50.8406	0
40.1	1	15	0	2071.7	0
40.1	2	0.25792	0	50.9677	0
40.2	1	15	0	2077	0
40.2	2	0.25792	0	51.0949	0
40.3	1	15	0	2082.3	0
40.3	2	0.26208	0	51.224	0
40.4	1	15	0	2087.61	0
40.4	2	0.25792	0	51.3512	0
40.5	1	14.88	0	2092.88	0
40.5	2	0.26208	0	51.4803	0
40.6	1	15	0	2098.28	0
40.6	2	0.25792	0	51.6075	0
40.7	1	15	0	2103.68	0
40.7	2	0.26208	0	51.7366	0
40.8	1	15	0	2109.16	0
40.8	2	0.25792	0	51.8638	0
40.9	1	15	0	2114.66	0
40.9	2	0.25792	0	51.9909	0
41	1	15	0	2120.23	0
41	2	0.26208	0	52.1201	0
41.1	1	14.88	0	2125.79	0
41.1	2	0.25792	0	52.2472	0
41.2	1	15	0	2131.5	0
41.2	2	0.26208	0	52.3764	0
41.3	1	15	0	2137.26	0
41.3	2	0.25792	0	52.5035	0
41.4	1	15	0	2143.09	0
41.4	2	0.25792	0	52.6306	0
41.5	1	15	0	2149	0
41.5	2	0.26208	0	52.7598	0
41.6	1	15	0	2155	0
41.6	2	0.25792	0	52.8869	0
41.7	1	14.88	0	2161.05	0
41.7	2	0.26208	0	53.0161	0
41.8	1	15	1	2167.26	0
41.8	2	0.25792	0	53.1432	0
41.9	1	15.0541	0	2172.96	0
41.9	2	0.488	0	53.3631	0
42	1	14.88	0	2177.93	0
42	2	0.26208	0	53.4923	0
42.1	1	15	0	2182.52	0
42.1	2	0.25792	0	53.6194	0
42.2	1	15	0	2187.27	0
42.2	2	0.26208	0	53.7486	0
42.3	1	15	0	2192.14	0
42.3	2	0.25792	0	53.8757	0
42.4	1	15	0	2197.15	0
42.4	2	0.25792	0	54.0028	0
42.5	1	15	0	2202.28	0
42.5	2	0.26208	0	54.132	0
42.6	1	14.88	0	2207.48	0
42.6	2	0.25792	0	54.2591	0
42.7	1	15	0	2212.82	0
42.7	2	0.26208	0	54.3883	0
42.8	1	15	0	2218.26	0
42.8	2	0.25792	0	54.5154	0
42.9	1	15	0	2223.8	0
42.9	2	0.25792	0	54.6425	0
43	1	15	0	2229.41	0
43	2	0.26208	0	54.7717	0
43.1	1	15	0	2235.11	0
43.1	2	0.25792	0	54.8988	0
43.2	1	14.88	0	2240.85	0
43.2	2	0.26208	0	55.028	0
43.3	1	15	0	2246.69	0
43.3	2	0.25792	0	55.1551	0
43.4	1	15	0	2252.59	0
43.4	2	0.26208	0	55.2843	0
43.5	1	15	0	2258.56	0
43.5	2	0.25792	0	55.4114	0
43.6	1	15	0	2264.57	0
43.6	2	0.25792	0	55.5386	0
43.7	1	15	0	2270.64	0
43.7	2	0.26208	0	55.6677	0
43.8	1	14.88	0	2276.69	0
43.8	2	0.25792	0	55.7949	0
43.9	1	15	0	2282.82	0
43.9	2	0.26208	0	55.924	0
44	1	15	1	2289	0
44	2	0.33344	0	56.0801	0
44.1	1	15.0464	0	2294.61	0
44.1	2	0.40768	0	56.269	0
44.2	1	14.88	0	2298.95	0
44.2	2	0.26208	0	56.3982	0
44.3	1	15	0	2303.37	0
44.3	2	0.25792	0	56.5253	0
44.4	1	15	0	2307.88	0
44.4	2	0.26208	0	56.6545	0
44.5	1	15	0	2312.48	0
44.5	2	0.25792	0	56.7816	0
44.6	1	15	0	2317.16	0
44.6	2	0.25792	0	56.9087	0
44.7	1	15	0	2321.89	0
44.7	2	0.26208	0	57.0379	0
44.8	1	14.88	0	2326.65	0
44.8	2	0.25792	0	57.165	0
44.9	1	15	0	2331.51	0
44.9	2	0.26208	0	57.2942	0
45	1	15	0	2336.41	0
45	2	0.25792	0	57.4213	0
45.1	1	15	0	2341.38	0
45.1	2	0.25792	0	57.5485	0
45.2	1	15	0	2346.38	0
45.2	2	0.26208	0	57.6776	0
45.3	1	15	0	2351.39	0
45.3	2	0.25792	0	57.8048	0
45.4	1	14.88	0	2356.45	0
45.4	2	0.26208	0	57.9339	0
45.5	1	15	0	2361.58	0
45.5	2	0.25792	0	58.0611	0
45.6	1	15	0	2366.78	0
45.6	2	0.26208	0	58.1902	0
45.7	1	15	0	2371.98	0
45.7	2	0.25792	0	58.3174	0
45.8	1	15	0	2377.18	0
45.8	2	0.25792	0	58.4445	0
45.9	1	15	0	2382.38	0
45.9	2	0.26208	0	58.5737	0
46	1	14.88	0	2387.54	0
46	2	0.25792	0	58.7008	0
46.1	1	15	0	2392.74	0
46.1	2	0.26208	0	58.83	0
46.2	1	15	0	2397.94	0
46.2	2	0.25792	0	58.9571	0
46.3	1	15	0	2403.14	0
46.3	2	0.25792	0	59.0842	0
46.4	1	15	0	2408.34	0
46.4	2	0.26208	0	59.2134	0
46.5	1	15	0	2413.55	0
46.5	2	0.25792	0	59.3405	0
46.6	1	14.88	0	2418.7	0
46.6	2	0.26208	0	59.4697	0
46.7	1	15	0	2423.91	0
46.7	2	0.25792	0	59.5968	0
46.8	1	15	0	2429.11	0
46.8	2	0.26208	0	59.726	0
46.9	1	15	0	2434.31	0
46.9	2	0.25792	0	59.8531	0
47	1	15	0	2439.51	0
47	2	0.25792	0	59.9802	0
47.1	1	15	0	2444.71	0
47.1	2	0.26208	0	60.1094	0
47.2	1	14.88	0	2449.87	0
47.2	2	0.25792	0	60.2365	0
47.3	1	15	0	2455.07	0
47.3	2	0.26208	0	60.3657	0
47.4	1	15	0	2460.27	0
47.4	2	0.25792	0	60.4928	0
47.5	1	15	0	2465.47	0
47.5	2	0.25792	0	60.62	0
47.6	1	15	0	2470.67	0
47.6	2	0.26208	0	60.7491	0
47.7	1	15	0	2475.87	0
47.7	2	0.25792	0	60.8763	0
47.8	1	14.88	0	2481.03	0
47.8	2	0.26208	0	61.0054	0
47.9	1	15	0	2486.23	0
47.9	2	0.25792	0	61.1326	0
48	1	15	0	2491.44	0
48	2	0.26208	0	61.2617	0
48.1	1	15	0	2496.64	0
48.1	2	0.25792	0	61.3889	0
48.2	1	15	0	2501.84	0
48.2	2	0.25792	0	61.516	0
48.3	1	15	0	2507.04	0
48.3	2	0.26208	0	61.6452	0
48.4	1	14.88	0	2512.25	0
48.4	2	0.25792	0	61.7723	0
48.5	1	15	0	2517.55	0
48.5	2	0.26208	0	61.9015	0
48.6	1	15	0	2522.85	0
48.6	2	0.25792	0	62.0286	0
48.7	1	15	0	2528.15	0
48.7	2	0.25792	0	62.1557	0
48.8	1	15	0	2533.54	0
48.8	2	0.26208	0	62.2849	0
48.9	1	15	0	2538.95	0
48.9	2	0.25792	0	62.412	0
49	1	14.88	0	2544.35	0
49	2	0.26208	0	62.5412	0
49.1	1	15	0	2549.85	0
49.1	2	0.25792	0	62.6683	0
49.2	1	15	0	2555.4	0
49.2	2	0.26208	0	62.7975	0
49.3	1	15	0	2561	0
49.3	2	0.25792	0	62.9246	0
49.4	1	15	0	2566.69	0
49.4	2	0.25792	0	63.0517	0
49.5	1	15	0	2572.42	0
49.5	2	0.26208	0	63.1809	0
49.6	1	14.88	0	2578.18	0
49.6	2	0.25792	0	63.308	0
49.7	1	15	0	2584.08	0
49.7	2	0.26208	0	63.4372	0
49.8	1	15	0	2590.07	0
49.8	2	0.25792	0	63.5643	0
49.9	1	15	0	2596.15	0
49.9	2	0.25792	0	63.6915	0
