1.1	1	13.9286	0	2.19216	0
1.1	2	0.2416	0	0.118927	0
1.2	1	15	0	8.54466	0
1.2	2	0.25792	0	0.246052	0
1.3	1	14.9978	1	19.8083	0
1.3	2	0.41984	0	0.443129	0
1.4	1	14.9136	0	28.4058	0
1.4	2	0.61728	0	0.720583	0
1.5	1	15	0	32.9349	0
1.5	2	0.25792	0	0.847708	0
1.6	1	15	0	37.175	0
1.6	2	0.26208	0	0.976883	0
1.7	1	15	0	41.5392	0
1.7	2	0.25792	0	1.10401	0
1.8	1	14.88	0	45.9953	0
1.8	2	0.26208	0	1.23318	0
1.9	1	15	0	50.6199	0
1.9	2	0.25792	0	1.36031	0
2	1	15	0	55.3606	0
2	2	0.26208	0	1.48948	0
2.1	1	15	0	60.2175	0
2.1	2	0.25792	0	1.61661	0
2.2	1	15	0	65.1874	0
2.2	2	0.25792	0	1.74373	0
2.3	1	15	0	70.2702	0
2.3	2	0.26208	0	1.87291	0
2.4	1	14.88	0	75.4215	0
2.4	2	0.25792	0	2.00003	0
2.5	1	15	0	80.7295	0
2.5	2	0.26208	0	2.12921	0
2.6	1	15	0	86.1439	0
2.6	2	0.25792	0	2.25633	0
2.7	1	15	0	91.6617	0
2.7	2	0.25792	0	2.38346	0
2.8	1	15	0	97.2812	0
2.8	2	0.26208	0	2.51263	0
2.9	1	15	0	103.001	0
2.9	2	0.25792	0	2.63976	0
3	1	14.88	0	108.772	0
3	2	0.26208	0	2.76893	0
3.1	1	15	0	114.688	0
3.1	2	0.25792	0	2.89606	0
3.2	1	15	0	120.698	0
3.2	2	0.26208	0	3.02523	0
3.3	1	15	0	126.803	0
3.3	2	0.25792	0	3.15236	0
3.4	1	15	1	133.002	0
3.4	2	0.26272	0	3.28154	0
3.5	1	14.9354	0	138.092	0
3.5	2	0.45824	0	3.48707	0
3.6	1	15	0	141.077	0
3.6	2	0.25792	0	3.6142	0
3.7	1	15	0	144.229	0
3.7	2	0.25792	0	3.74132	0
3.8	1	15	0	147.557	0
3.8	2	0.26208	0	3.8705	0
3.9	1	14.88	0	151.01	0
3.9	2	0.25792	0	3.99762	0
4	1	15	0	154.654	0
4	2	0.26208	0	4.1268	0
4.1	1	15	0	158.44	0
4.1	2	0.25792	0	4.25392	0
4.2	1	15	0	162.38	0
4.2	2	0.25792	0	4.38105	0
4.3	1	15	0	166.449	0
4.3	2	0.26208	0	4.51022	0
4.4	1	15	0	170.664	0
4.4	2	0.25792	0	4.63735	0
4.5	1	14.88	0	174.972	0
4.5	2	0.26208	0	4.76652	0
4.6	1	15	0	179.438	0
4.6	2	0.25792	0	4.89365	0
4.7	1	15	0	184.029	0
4.7	2	0.26208	0	5.02282	0
4.8	1	15	0	188.749	0
4.8	2	0.25792	0	5.14995	0
4.9	1	15	0	193.586	0
4.9	2	0.25792	0	5.27707	0
5	1	15	0	198.538	0
5	2	0.26208	0	5.40625	0
5.1	1	14.88	0	203.559	0
5.1	2	0.25792	0	5.53337	0
5.2	1	15	0	208.731	0
5.2	2	0.26208	0	5.66255	0
5.3	1	15	0	214.012	0
5.3	2	0.25792	0	5.78967	0
5.4	1	15	0	219.4	0
5.4	2	0.25792	0	5.9168	0
5.5	1	15	0	224.895	0
5.5	2	0.26208	0	6.04597	0
5.6	1	15	0	230.493	0
5.6	2	0.25792	0	6.1731	0
5.7	1	14.88	0	236.147	0
5.7	2	0.26208	0	6.30227	0
5.8	1	15	0	241.946	0
5.8	2	0.25792	0	6.4294	0
5.9	1	15	0	247.844	0
5.9	2	0.26208	0	6.55857	0
6	1	15	0	253.84	0
6	2	0.25792	0	6.6857	0
6.1	1	15	0	259.931	0
6.1	2	0.25792	0	6.81282	0
6.2	1	15	1	266.116	0
6.2	2	0.26208	0	6.942	0
6.3	1	14.9098	0	271.722	0
6.3	2	0.45888	0	7.14754	0
6.4	1	15	0	274.825	0
6.4	2	0.26208	0	7.27671	0
6.5	1	15	0	277.95	0
6.5	2	0.25792	0	7.40384	0
6.6	1	15	0	281.241	0
6.6	2	0.25792	0	7.53096	0
6.7	1	15	0	284.695	0
6.7	2	0.26208	0	7.66014	0
6.8	1	14.88	0	288.282	0
6.8	2	0.25792	0	7.78726	0
6.9	1	15	0	292.041	0
6.9	2	0.26208	0	7.91644	0
7	1	15	0	295.954	0
7	2	0.25792	0	8.04356	0
7.1	1	15	0	300.005	0
7.1	2	0.25792	0	8.17069	0
7.2	1	15	0	304.182	0
7.2	2	0.26208	0	8.29986	0
7.3	1	15	0	308.508	0
7.3	2	0.25792	0	8.42699	0
7.4	1	14.88	0	312.921	0
7.4	2	0.26208	0	8.55616	0
7.5	1	15	0	317.488	0
7.5	2	0.25792	0	8.68329	0
7.6	1	15	0	322.176	0
7.6	2	0.26208	0	8.81246	0
7.7	1	15	0	326.994	0
7.7	2	0.25792	0	8.93959	0
7.8	1	15	0	331.927	0
7.8	2	0.25792	0	9.06671	0
7.9	1	15	0	336.971	0
7.9	2	0.26208	0	9.19589	0
8	1	14.88	0	342.084	0
8	2	0.25792	0	9.32301	0
8.1	1	15	0	347.347	0
8.1	2	0.26208	0	9.45219	0
8.2	1	15	0	352.717	0
8.2	2	0.25792	0	9.57931	0
8.3	1	15	0	358.193	0
8.3	2	0.25792	0	9.70644	0
8.4	1	15	0	363.773	0
8.4	2	0.26208	0	9.83561	0
8.5	1	15	0	369.454	0
8.5	2	0.25792	0	9.96274	0
8.6	1	14.88	0	375.188	0
8.6	2	0.26208	0	10.0919	0
8.7	1	15	0	381.067	0
8.7	2	0.25792	0	10.219	0
8.8	1	15	0	387.045	0
8.8	2	0.26208	0	10.3482	0
8.9	1	15	0	393.118	0
8.9	2	0.25792	0	10.4753	0
9	1	15	1	399.285	0
9	2	0.25792	0	10.6025	0
9.1	1	15	0	405.387	0
9.1	2	0.4464	0	10.8018	0
9.2	1	14.9366	0	408.578	0
9.2	2	0.27456	0	10.9372	0
9.3	1	15	0	411.662	0
9.3	2	0.25792	0	11.0643	0
9.4	1	15	0	414.917	0
9.4	2	0.26208	0	11.1935	0
9.5	1	14.88	0	418.319	0
9.5	2	0.25792	0	11.3206	0
9.6	1	15	0	421.895	0
9.6	2	0.26208	0	11.4498	0
9.7	1	15	0	425.634	0
9.7	2	0.25792	0	11.5769	0
9.8	1	15	0	429.506	0
9.8	2	0.25792	0	11.704	0
9.9	1	15	0	433.536	0
9.9	2	0.26208	0	11.8332	0
10	1	15	0	437.692	0
10	2	0.25792	0	11.9603	0
10.1	1	14.88	0	441.945	0
10.1	2	0.26208	0	12.0895	0
10.2	1	15	0	446.372	0
10.2	2	0.25792	0	12.2166	0
10.3	1	15	0	450.919	0
10.3	2	0.26208	0	12.3458	0
10.4	1	15	0	455.585	0
10.4	2	0.25792	0	12.4729	0
10.5	1	15	0	460.368	0
10.5	2	0.25792	0	12.6001	0
10.6	1	15	0	465.279	0
10.6	2	0.26208	0	12.7292	0
10.7	1	14.88	0	470.262	0
10.7	2	0.25792	0	12.8564	0
10.8	1	15	0	475.396	0
10.8	2	0.26208	0	12.9855	0
10.9	1	15	0	480.639	0
10.9	2	0.25792	0	13.1127	0
11	1	15	0	485.988	0
11	2	0.25792	0	13.2398	0
11.1	1	15	0	491.444	0
11.1	2	0.26208	0	13.369	0
11.2	1	15	0	497.004	0
11.2	2	0.25792	0	13.4961	0
11.3	1	14.88	0	502.62	0
11.3	2	0.26208	0	13.6253	0
11.4	1	15	0	508.38	0
11.4	2	0.25792	0	13.7524	0
11.5	1	15	0	514.239	0
11.5	2	0.26208	0	13.8816	0
11.6	1	15	0	520.197	0
11.6	2	0.25792	0	14.0087	0
11.7	1	15	0	526.25	0
11.7	2	0.25792	0	14.1358	0
11.8	1	15	0	532.396	0
11.8	2	0.26208	0	14.265	0
11.9	1	14.88	1	538.541	0
11.9	2	0.40416	0	14.4479	0
12	1	15.0298	0	542.334	0
12	2	0.31264	0	14.5976	0
12.1	1	15	0	545.384	0
12.1	2	0.26208	0	14.7268	0
12.2	1	15	0	548.614	0
12.2	2	0.25792	0	14.8539	0
12.3	1	15	0	552.003	0
12.3	2	0.26208	0	14.9831	0
12.4	1	14.88	0	555.525	0
12.4	2	0.25792	0	15.1102	0
12.5	1	15	0	559.23	0
12.5	2	0.26208	0	15.2394	0
12.6	1	15	0	563.08	0
12.6	2	0.25792	0	15.3665	0
12.7	1	15	0	567.073	0
12.7	2	0.25792	0	15.4937	0
12.8	1	15	0	571.209	0
12.8	2	0.26208	0	15.6228	0
12.9	1	15	0	575.471	0
12.9	2	0.25792	0	15.75	0
13	1	14.88	0	579.829	0
13	2	0.26208	0	15.8791	0
13.1	1	15	0	584.356	0
13.1	2	0.25792	0	16.0063	0
13.2	1	15	0	589.002	0
13.2	2	0.25792	0	16.1334	0
13.3	1	15	0	593.764	0
13.3	2	0.26208	0	16.2626	0
13.4	1	15	0	598.643	0
13.4	2	0.25792	0	16.3897	0
13.5	1	15	0	603.639	0
13.5	2	0.26208	0	16.5189	0
13.6	1	14.88	0	608.712	0
13.6	2	0.25792	0	16.646	0
13.7	1	15	0	613.935	0
13.7	2	0.26208	0	16.7752	0
13.8	1	15	0	619.265	0
13.8	2	0.25792	0	16.9023	0
13.9	1	15	0	624.701	0
13.9	2	0.25792	0	17.0294	0
14	1	15	0	630.24	0
14	2	0.26208	0	17.1586	0
14.1	1	15	0	635.881	0
14.1	2	0.25792	0	17.2857	0
14.2	1	14.88	0	641.576	0
14.2	2	0.26208	0	17.4149	0
14.3	1	15	0	647.415	0
14.3	2	0.25792	0	17.542	0
14.4	1	15	0	653.352	0
14.4	2	0.25792	0	17.6691	0
14.5	1	15	0	659.385	0
14.5	2	0.26208	0	17.7983	0
14.6	1	15	0	665.512	0
14.6	2	0.25792	0	17.9254	0
14.7	1	15	1	671.707	0
14.7	2	0.33824	0	18.0835	0
14.8	1	14.9098	0	676.104	0
14.8	2	0.38272	0	18.2602	0
14.9	1	15	0	679.124	0
14.9	2	0.25792	0	18.3873	0
15	1	15	0	682.317	0
15	2	0.26208	0	18.5165	0
15.1	1	15	0	685.673	0
15.1	2	0.25792	0	18.6436	0
15.2	1	14.88	0	689.173	0
15.2	2	0.26208	0	18.7728	0
15.3	1	15	0	692.841	0
15.3	2	0.25792	0	18.8999	0
15.4	1	15	0	696.673	0
15.4	2	0.26208	0	19.0291	0
15.5	1	15	0	700.636	0
15.5	2	0.25792	0	19.1562	0
15.6	1	15	0	704.746	0
15.6	2	0.25792	0	19.2833	0
15.7	1	15	0	708.989	0
15.7	2	0.26208	0	19.4125	0
15.8	1	14.88	0	713.322	0
15.8	2	0.25792	0	19.5396	0
15.9	1	15	0	717.819	0
15.9	2	0.26208	0	19.6688	0
16	1	15	0	722.447	0
16	2	0.25792	0	19.7959	0
16.1	1	15	0	727.191	0
16.1	2	0.25792	0	19.923	0
16.2	1	15	0	732.051	0
16.2	2	0.26208	0	20.0522	0
16.3	1	15	0	737.025	0
16.3	2	0.25792	0	20.1793	0
16.4	1	14.88	0	742.071	0
16.4	2	0.26208	0	20.3085	0
16.5	1	15	0	747.269	0
16.5	2	0.25792	0	20.4356	0
16.6	1	15	0	752.58	0
16.6	2	0.26208	0	20.5648	0
16.7	1	15	0	757.998	0
16.7	2	0.25792	0	20.6919	0
16.8	1	15	0	763.519	0
16.8	2	0.25792	0	20.8191	0
16.9	1	15	0	769.142	0
16.9	2	0.26208	0	20.9482	0
17	1	14.88	0	774.819	0
17	2	0.25792	0	21.0754	0
17.1	1	15	0	780.639	0
17.1	2	0.26208	0	21.2045	0
17.2	1	15	0	786.558	0
17.2	2	0.25792	0	21.3317	0
17.3	1	15	0	792.573	0
17.3	2	0.25792	0	21.4588	0
17.4	1	15	0	798.681	0
17.4	2	0.26208	0	21.588	0
17.5	1	15	1	804.876	0
17.5	2	0.2736	0	21.7213	0
17.6	1	14.9366	0	809.877	0
17.6	2	0.4432	0	21.9206	0
17.7	1	15	0	812.856	0
17.7	2	0.26208	0	22.0498	0
17.8	1	15	0	816.011	0
17.8	2	0.25792	0	22.1769	0
17.9	1	14.88	0	819.318	0
17.9	2	0.26208	0	22.3061	0
18	1	15	0	822.805	0
18	2	0.25792	0	22.4332	0
18.1	1	15	0	826.452	0
18.1	2	0.26208	0	22.5624	0
18.2	1	15	0	830.245	0
18.2	2	0.25792	0	22.6895	0
18.3	1	15	0	834.188	0
18.3	2	0.25792	0	22.8166	0
18.4	1	15	0	838.26	0
18.4	2	0.26208	0	22.9458	0
18.5	1	14.88	0	842.447	0
18.5	2	0.25792	0	23.0729	0
18.6	1	15	0	846.793	0
18.6	2	0.26208	0	23.2021	0
18.7	1	15	0	851.262	0
18.7	2	0.25792	0	23.3292	0
18.8	1	15	0	855.859	0
18.8	2	0.25792	0	23.4564	0
18.9	1	15	0	860.583	0
18.9	2	0.26208	0	23.5855	0
19	1	15	0	865.423	0
19	2	0.25792	0	23.7127	0
19.1	1	14.88	0	870.337	0
19.1	2	0.26208	0	23.8418	0
19.2	1	15	0	875.402	0
19.2	2	0.25792	0	23.969	0
19.3	1	15	0	880.577	0
19.3	2	0.26208	0	24.0981	0
19.4	1	15	0	885.862	0
19.4	2	0.25792	0	24.2253	0
19.5	1	15	0	891.253	0
19.5	2	0.25792	0	24.3524	0
19.6	1	15	0	896.751	0
19.6	2	0.26208	0	24.4816	0
19.7	1	14.88	0	902.308	0
19.7	2	0.25792	0	24.6087	0
19.8	1	15	0	908.01	0
19.8	2	0.26208	0	24.7379	0
19.9	1	15	0	913.812	0
19.9	2	0.25792	0	24.865	0
20	1	15	0	919.713	0
20	2	0.25792	0	24.9921	0
20.1	1	15	0	925.712	0
20.1	2	0.26208	0	25.1213	0
20.2	1	15	0	931.806	0
20.2	2	0.25792	0	25.2484	0
20.3	1	14.88	1	937.945	0
20.3	2	0.26208	0	25.3776	0
20.4	1	15.0298	0	943.513	0
20.4	2	0.45888	0	25.5831	0
20.5	1	15	0	946.6	0
20.5	2	0.25792	0	25.7103	0
20.6	1	15	0	949.728	0
20.6	2	0.26208	0	25.8394	0
20.7	1	15	0	953.022	0
20.7	2	0.25792	0	25.9666	0
20.8	1	14.88	0	956.449	0
20.8	2	0.26208	0	26.0957	0
20.9	1	15	0	960.068	0
20.9	2	0.25792	0	26.2229	0
21	1	15	0	963.828	0
21	2	0.25792	0	26.35	0
21.1	1	15	0	967.745	0
21.1	2	0.26208	0	26.4792	0
21.2	1	15	0	971.796	0
21.2	2	0.25792	0	26.6063	0
21.3	1	15	0	975.977	0
21.3	2	0.26208	0	26.7355	0
21.4	1	14.88	0	980.27	0
21.4	2	0.25792	0	26.8626	0
21.5	1	15	0	984.719	0
21.5	2	0.26208	0	26.9918	0
21.6	1	15	0	989.288	0
21.6	2	0.25792	0	27.1189	0
21.7	1	15	0	993.979	0
21.7	2	0.25792	0	27.246	0
21.8	1	15	0	998.799	0
21.8	2	0.26208	0	27.3752	0
21.9	1	15	0	1003.73	0
21.9	2	0.25792	0	27.5023	0
22	1	14.88	0	1008.74	0
22	2	0.26208	0	27.6315	0
22.1	1	15	0	1013.89	0
22.1	2	0.25792	0	27.7586	0
22.2	1	15	0	1019.16	0
22.2	2	0.26208	0	27.8878	0
22.3	1	15	0	1024.53	0
22.3	2	0.25792	0	28.0149	0
22.4	1	15	0	1030.01	0
22.4	2	0.25792	0	28.142	0
22.5	1	15	0	1035.59	0
22.5	2	0.26208	0	28.2712	0
22.6	1	14.88	0	1041.23	0
22.6	2	0.25792	0	28.3983	0
22.7	1	15	0	1047.01	0
22.7	2	0.26208	0	28.5275	0
22.8	1	15	0	1052.89	0
22.8	2	0.25792	0	28.6546	0
22.9	1	15	0	1058.87	0
22.9	2	0.25792	0	28.7818	0
23	1	15	0	1064.94	0
23	2	0.26208	0	28.9109	0
23.1	1	15	1	1071.11	0
23.1	2	0.25792	0	29.0381	0
23.2	1	14.88	0	1077.15	0
23.2	2	0.4464	0	29.2374	0
23.3	1	15.0298	0	1080.36	0
23.3	2	0.27456	0	29.3728	0
23.4	1	15	0	1083.44	0
23.4	2	0.25792	0	29.4999	0
23.5	1	15	0	1086.7	0
23.5	2	0.26208	0	29.6291	0
23.6	1	14.88	0	1090.11	0
23.6	2	0.25792	0	29.7562	0
23.7	1	15	0	1093.68	0
23.7	2	0.26208	0	29.8854	0
23.8	1	15	0	1097.42	0
23.8	2	0.25792	0	30.0125	0
23.9	1	15	0	1101.3	0
23.9	2	0.25792	0	30.1396	0
24	1	15	0	1105.33	0
24	2	0.26208	0	30.2688	0
24.1	1	15	0	1109.49	0
24.1	2	0.25792	0	30.3959	0
24.2	1	14.88	0	1113.75	0
24.2	2	0.26208	0	30.5251	0
24.3	1	15	0	1118.17	0
24.3	2	0.25792	0	30.6522	0
24.4	1	15	0	1122.72	0
24.4	2	0.26208	0	30.7814	0
24.5	1	15	0	1127.39	0
24.5	2	0.25792	0	30.9085	0
24.6	1	15	0	1132.18	0
24.6	2	0.25792	0	31.0356	0
24.7	1	15	0	1137.09	0
24.7	2	0.26208	0	31.1648	0
24.8	1	14.88	0	1142.07	0
24.8	2	0.25792	0	31.2919	0
24.9	1	15	0	1147.21	0
24.9	2	0.26208	0	31.4211	0
25	1	15	0	1152.45	0
25	2	0.25792	0	31.5482	0
25.1	1	15	0	1157.81	0
25.1	2	0.25792	0	31.6754	0
25.2	1	15	0	1163.26	0
25.2	2	0.26208	0	31.8045	0
25.3	1	15	0	1168.82	0
25.3	2	0.25792	0	31.9317	0
25.4	1	14.88	0	1174.44	0
25.4	2	0.26208	0	32.0608	0
25.5	1	15	0	1180.2	0
25.5	2	0.25792	0	32.188	0
25.6	1	15	0	1186.06	0
25.6	2	0.26208	0	32.3171	0
25.7	1	15	0	1192.02	0
25.7	2	0.25792	0	32.4443	0
25.8	1	15	0	1198.08	0
25.8	2	0.25792	0	32.5714	0
25.9	1	15	0	1204.23	0
25.9	2	0.26208	0	32.7006	0
26	1	14.88	1	1210.37	0
26	2	0.4096	0	32.8855	0
26.1	1	15.0298	0	1214.11	0
26.1	2	0.31136	0	33.0353	0
26.2	1	15	0	1217.17	0
26.2	2	0.25792	0	33.1624	0
26.3	1	15	0	1220.4	0
26.3	2	0.25792	0	33.2895	0
26.4	1	15	0	1223.8	0
26.4	2	0.26208	0	33.4187	0
26.5	1	14.88	0	1227.32	0
26.5	2	0.25792	0	33.5458	0
26.6	1	15	0	1231.04	0
26.6	2	0.26208	0	33.675	0
26.7	1	15	0	1234.89	0
26.7	2	0.25792	0	33.8021	0
26.8	1	15	0	1238.89	0
26.8	2	0.25792	0	33.9293	0
26.9	1	15	0	1243.03	0
26.9	2	0.26208	0	34.0584	0
27	1	15	0	1247.29	0
27	2	0.25792	0	34.1856	0
27.1	1	14.88	0	1251.66	0
27.1	2	0.26208	0	34.3147	0
27.2	1	15	0	1256.19	0
27.2	2	0.25792	0	34.4419	0
27.3	1	15	0	1260.84	0
27.3	2	0.26208	0	34.571	0
27.4	1	15	0	1265.6	0
27.4	2	0.25792	0	34.6982	0
27.5	1	15	0	1270.48	0
27.5	2	0.25792	0	34.8253	0
27.6	1	15	0	1275.49	0
27.6	2	0.26208	0	34.9545	0
27.7	1	14.88	0	1280.56	0
27.7	2	0.25792	0	35.0816	0
27.8	1	15	0	1285.79	0
27.8	2	0.26208	0	35.2108	0
27.9	1	15	0	1291.12	0
27.9	2	0.25792	0	35.3379	0
28	1	15	0	1296.56	0
28	2	0.25792	0	35.465	0
28.1	1	15	0	1302.1	0
28.1	2	0.26208	0	35.5942	0
28.2	1	15	0	1307.75	0
28.2	2	0.25792	0	35.7213	0
28.3	1	14.88	0	1313.45	0
28.3	2	0.26208	0	35.8505	0
28.4	1	15	0	1319.29	0
28.4	2	0.25792	0	35.9776	0
28.5	1	15	0	1325.23	0
28.5	2	0.26208	0	36.1068	0
28.6	1	15	0	1331.26	0
28.6	2	0.25792	0	36.2339	0
28.7	1	15	0	1337.39	0
28.7	2	0.25792	0	36.361	0
28.8	1	15	1	1343.59	0
28.8	2	0.34912	0	36.5233	0
28.9	1	14.9366	0	1347.88	0
28.9	2	0.37184	0	36.6958	0
29	1	15	0	1350.9	0
29	2	0.25792	0	36.8229	0
29.1	1	15	0	1354.1	0
29.1	2	0.26208	0	36.9521	0
29.2	1	14.88	0	1357.43	0
29.2	2	0.25792	0	37.0792	0
29.3	1	15	0	1360.96	0
29.3	2	0.26208	0	37.2084	0
29.4	1	15	0	1364.63	0
29.4	2	0.25792	0	37.3355	0
29.5	1	15	0	1368.46	0
29.5	2	0.25792	0	37.4626	0
29.6	1	15	0	1372.43	0
29.6	2	0.26208	0	37.5918	0
29.7	1	15	0	1376.54	0
29.7	2	0.25792	0	37.7189	0
29.8	1	14.88	0	1380.75	0
29.8	2	0.26208	0	37.8481	0
29.9	1	15	0	1385.12	0
29.9	2	0.25792	0	37.9752	0
30	1	15	0	1389.62	0
30	2	0.26208	0	38.1044	0
30.1	1	15	0	1394.25	0
30.1	2	0.25792	0	38.2315	0
30.2	1	15	0	1398.99	0
30.2	2	0.25792	0	38.3586	0
30.3	1	15	0	1403.86	0
30.3	2	0.26208	0	38.4878	0
30.4	1	14.88	0	1408.79	0
30.4	2	0.25792	0	38.6149	0
30.5	1	15	0	1413.88	0
30.5	2	0.26208	0	38.7441	0
30.6	1	15	0	1419.08	0
30.6	2	0.25792	0	38.8712	0
30.7	1	15	0	1424.39	0
30.7	2	0.25792	0	38.9984	0
30.8	1	15	0	1429.81	0
30.8	2	0.26208	0	39.1275	0
30.9	1	15	0	1435.33	0
30.9	2	0.25792	0	39.2547	0
31	1	14.88	0	1440.91	0
31	2	0.26208	0	39.3838	0
31.1	1	15	0	1446.64	0
31.1	2	0.25792	0	39.511	0
31.2	1	15	0	1452.46	0
31.2	2	0.26208	0	39.6401	0
31.3	1	15	0	1458.38	0
31.3	2	0.25792	0	39.7673	0
31.4	1	15	0	1464.4	0
31.4	2	0.25792	0	39.8944	0
31.5	1	15	0	1470.51	0
31.5	2	0.26208	0	40.0236	0
31.6	1	14.88	1	1476.65	0
31.6	2	0.27904	0	40.1589	0
31.7	1	15.0298	0	1481.65	0
31.7	2	0.43776	0	40.3562	0
31.8	1	15	0	1484.64	0
31.8	2	0.26208	0	40.4854	0
31.9	1	15	0	1487.79	0
31.9	2	0.25792	0	40.6125	0
32	1	15	0	1491.13	0
32	2	0.26208	0	40.7417	0
32.1	1	14.88	0	1494.59	0
32.1	2	0.25792	0	40.8688	0
32.2	1	15	0	1498.24	0
32.2	2	0.26208	0	40.998	0
32.3	1	15	0	1502.04	0
32.3	2	0.25792	0	41.1251	0
32.4	1	15	0	1505.98	0
32.4	2	0.25792	0	41.2522	0
32.5	1	15	0	1510.06	0
32.5	2	0.26208	0	41.3814	0
32.6	1	15	0	1514.28	0
32.6	2	0.25792	0	41.5085	0
32.7	1	14.88	0	1518.59	0
32.7	2	0.26208	0	41.6377	0
32.8	1	15	0	1523.06	0
32.8	2	0.25792	0	41.7648	0
32.9	1	15	0	1527.66	0
32.9	2	0.25792	0	41.892	0
33	1	15	0	1532.39	0
33	2	0.26208	0	42.0211	0
33.1	1	15	0	1537.23	0
33.1	2	0.25792	0	42.1483	0
33.2	1	15	0	1542.19	0
33.2	2	0.26208	0	42.2774	0
33.3	1	14.88	0	1547.21	0
33.3	2	0.25792	0	42.4046	0
33.4	1	15	0	1552.39	0
33.4	2	0.26208	0	42.5337	0
33.5	1	15	0	1557.68	0
33.5	2	0.25792	0	42.6609	0
33.6	1	15	0	1563.07	0
33.6	2	0.25792	0	42.788	0
33.7	1	15	0	1568.57	0
33.7	2	0.26208	0	42.9172	0
33.8	1	15	0	1574.18	0
33.8	2	0.25792	0	43.0443	0
33.9	1	14.88	0	1579.83	0
33.9	2	0.26208	0	43.1735	0
34	1	15	0	1585.64	0
34	2	0.25792	0	43.3006	0
34.1	1	15	0	1591.54	0
34.1	2	0.25792	0	43.4277	0
34.2	1	15	0	1597.54	0
34.2	2	0.26208	0	43.5569	0
34.3	1	15	0	1603.63	0
34.3	2	0.25792	0	43.684	0
34.4	1	15	1	1609.82	0
34.4	2	0.26208	0	43.8132	0
34.5	1	14.9098	0	1615.3	0
34.5	2	0.45888	0	44.0187	0
34.6	1	15	0	1618.38	0
34.6	2	0.25792	0	44.1459	0
34.7	1	15	0	1621.51	0
34.7	2	0.26208	0	44.275	0
34.8	1	15	0	1624.81	0
34.8	2	0.25792	0	44.4022	0
34.9	1	14.88	0	1628.25	0
34.9	2	0.26208	0	44.5313	0
35	1	15	0	1631.87	0
35	2	0.25792	0	44.6585	0
35.1	1	15	0	1635.63	0
35.1	2	0.26208	0	44.7876	0
35.2	1	15	0	1639.56	0
35.2	2	0.25792	0	44.9148	0
35.3	1	15	0	1643.61	0
35.3	2	0.25792	0	45.0419	0
35.4	1	15	0	1647.8	0
35.4	2	0.26208	0	45.1711	0
35.5	1	14.88	0	1652.09	0
35.5	2	0.25792	0	45.2982	0
35.6	1	15	0	1656.55	0
35.6	2	0.26208	0	45.4274	0
35.7	1	15	0	1661.12	0
35.7	2	0.25792	0	45.5545	0
35.8	1	15	0	1665.82	0
35.8	2	0.25792	0	45.6816	0
35.9	1	15	0	1670.64	0
35.9	2	0.26208	0	45.8108	0
36	1	15	0	1675.58	0
36	2	0.25792	0	45.9379	0
36.1	1	14.88	0	1680.59	0
36.1	2	0.26208	0	46.0671	0
36.2	1	15	0	1685.74	0
36.2	2	0.25792	0	46.1942	0
36.3	1	15	0	1691.01	0
36.3	2	0.26208	0	46.3234	0
36.4	1	15	0	1696.39	0
36.4	2	0.25792	0	46.4505	0
36.5	1	15	0	1701.87	0
36.5	2	0.25792	0	46.5776	0
36.6	1	15	0	1707.45	0
36.6	2	0.26208	0	46.7068	0
36.7	1	14.88	0	1713.09	0
36.7	2	0.25792	0	46.8339	0
36.8	1	15	0	1718.88	0
36.8	2	0.26208	0	46.9631	0
36.9	1	15	0	1724.76	0
36.9	2	0.25792	0	47.0902	0
37	1	15	0	1730.74	0
37	2	0.25792	0	47.2174	0
37.1	1	15	0	1736.82	0
37.1	2	0.26208	0	47.3465	0
37.2	1	15	1	1742.99	0
37.2	2	0.25792	0	47.4737	0
37.3	1	14.88	0	1748.97	0
37.3	2	0.4464	0	47.673	0
37.4	1	15.0566	0	1752.13	0
37.4	2	0.27456	0	47.8084	0
37.5	1	15	0	1755.23	0
37.5	2	0.25792	0	47.9355	0
37.6	1	14.88	0	1758.46	0
37.6	2	0.26208	0	48.0647	0
37.7	1	15	0	1761.9	0
37.7	2	0.25792	0	48.1918	0
37.8	1	15	0	1765.48	0
37.8	2	0.26208	0	48.321	0
37.9	1	15	0	1769.23	0
37.9	2	0.25792	0	48.4481	0
38	1	15	0	1773.11	0
38	2	0.25792	0	48.5752	0
38.1	1	15	0	1777.14	0
38.1	2	0.26208	0	48.7044	0
38.2	1	14.88	0	1781.27	0
38.2	2	0.25792	0	48.8315	0
38.3	1	15	0	1785.57	0
38.3	2	0.26208	0	48.9607	0
38.4	1	15	0	1790	0
38.4	2	0.25792	0	49.0878	0
38.5	1	15	0	1794.55	0
38.5	2	0.25792	0	49.2149	0
38.6	1	15	0	1799.22	0
38.6	2	0.26208	0	49.3441	0
38.7	1	15	0	1804.01	0
38.7	2	0.25792	0	49.4712	0
38.8	1	14.88	0	1808.89	0
38.8	2	0.26208	0	49.6004	0
38.9	1	15	0	1813.92	0
38.9	2	0.25792	0	49.7275	0
39	1	15	0	1819.06	0
39	2	0.26208	0	49.8567	0
39.1	1	15	0	1824.3	0
39.1	2	0.25792	0	49.9838	0
39.2	1	15	0	1829.66	0
39.2	2	0.25792	0	50.111	0
39.3	1	15	0	1835.12	0
39.3	2	0.26208	0	50.2401	0
39.4	1	14.88	0	1840.64	0
39.4	2	0.25792	0	50.3673	0
39.5	1	15	0	1846.3	0
39.5	2	0.26208	0	50.4964	0
39.6	1	15	0	1852.07	0
39.6	2	0.25792	0	50.6236	0
39.7	1	15	0	1857.93	0
39.7	2	0.25792	0	50.7507	0
39.8	1	15	0	1863.9	0
39.8	2	0.26208	0	50.8799	0
39.9	1	15	0	1869.95	0
39.9	2	0.25792	0	51.007	0
40	1	14.88	0	1876.05	0
40	2	0.26208	0	51.1362	0
40.1	1	15	1	1882.25	0
40.1	2	0.42048	0	51.3252	0
40.2	1	15.0298	0	1885.89	0
40.2	2	0.29632	0	51.4688	0
40.3	1	15	0	1888.94	0
40.3	2	0.26208	0	51.598	0
40.4	1	15	0	1892.18	0
40.4	2	0.25792	0	51.7251	0
40.5	1	14.88	0	1895.55	0
40.5	2	0.26208	0	51.8543	0
40.6	1	15	0	1899.11	0
40.6	2	0.25792	0	51.9814	0
40.7	1	15	0	1902.82	0
40.7	2	0.26208	0	52.1106	0
40.8	1	15	0	1906.68	0
40.8	2	0.25792	0	52.2377	0
40.9	1	15	0	1910.68	0
40.9	2	0.25792	0	52.3649	0
41	1	15	0	1914.82	0
41	2	0.26208	0	52.494	0
41.1	1	14.88	0	1919.05	0
41.1	2	0.25792	0	52.6212	0
41.2	1	15	0	1923.46	0
41.2	2	0.26208	0	52.7503	0
41.3	1	15	0	1927.99	0
41.3	2	0.25792	0	52.8775	0
41.4	1	15	0	1932.64	0
41.4	2	0.25792	0	53.0046	0
41.5	1	15	0	1937.41	0
41.5	2	0.26208	0	53.1338	0
41.6	1	15	0	1942.29	0
41.6	2	0.25792	0	53.2609	0
41.7	1	14.88	0	1947.25	0
41.7	2	0.26208	0	53.3901	0
41.8	1	15	0	1952.37	0
41.8	2	0.25792	0	53.5172	0
41.9	1	15	0	1957.6	0
41.9	2	0.26208	0	53.6464	0
42	1	15	0	1962.93	0
42	2	0.25792	0	53.7735	0
42.1	1	15	0	1968.38	0
42.1	2	0.25792	0	53.9006	0
42.2	1	15	0	1973.92	0
42.2	2	0.26208	0	54.0298	0
42.3	1	14.88	0	1979.52	0
42.3	2	0.25792	0	54.1569	0
42.4	1	15	0	1985.26	0
42.4	2	0.26208	0	54.2861	0
42.5	1	15	0	1991.11	0
42.5	2	0.25792	0	54.4132	0
42.6	1	15	0	1997.05	0
42.6	2	0.25792	0	54.5403	0
42.7	1	15	0	2003.09	0
42.7	2	0.26208	0	54.6695	0
42.8	1	15	0	2009.22	0
42.8	2	0.25792	0	54.7966	0
42.9	1	14.88	1	2015.36	0
42.9	2	0.35456	0	54.9609	0
43	1	15.0298	0	2019.65	0
43	2	0.3664	0	55.1314	0
43.1	1	15	0	2022.68	0
43.1	2	0.25792	0	55.2585	0
43.2	1	15	0	2025.88	0
43.2	2	0.26208	0	55.3877	0
43.3	1	14.88	0	2029.21	0
43.3	2	0.25792	0	55.5148	0
43.4	1	15	0	2032.74	0
43.4	2	0.26208	0	55.644	0
43.5	1	15	0	2036.42	0
43.5	2	0.25792	0	55.7711	0
43.6	1	15	0	2040.25	0
43.6	2	0.25792	0	55.8982	0
43.7	1	15	0	2044.22	0
43.7	2	0.26208	0	56.0274	0
43.8	1	15	0	2048.34	0
43.8	2	0.25792	0	56.1545	0
43.9	1	14.88	0	2052.55	0
43.9	2	0.26208	0	56.2837	0
44	1	15	0	2056.92	0
44	2	0.25792	0	56.4108	0
44.1	1	15	0	2061.42	0
44.1	2	0.26208	0	56.54	0
44.2	1	15	0	2066.05	0
44.2	2	0.25792	0	56.6671	0
44.3	1	15	0	2070.8	0
44.3	2	0.25792	0	56.7942	0
44.4	1	15	0	2075.66	0
44.4	2	0.26208	0	56.9234	0
44.5	1	14.88	0	2080.6	0
44.5	2	0.25792	0	57.0505	0
44.6	1	15	0	2085.69	0
44.6	2	0.26208	0	57.1797	0
44.7	1	15	0	2090.9	0
44.7	2	0.25792	0	57.3068	0
44.8	1	15	0	2096.21	0
44.8	2	0.25792	0	57.4339	0
44.9	1	15	0	2101.63	0
44.9	2	0.26208	0	57.5631	0
45	1	15	0	2107.16	0
45	2	0.25792	0	57.6902	0
45.1	1	14.88	0	2112.74	0
45.1	2	0.26208	0	57.8194	0
45.2	1	15	0	2118.46	0
45.2	2	0.25792	0	57.9465	0
45.3	1	15	0	2124.28	0
45.3	2	0.26208	0	58.0757	0
45.4	1	15	0	2130.21	0
45.4	2	0.25792	0	58.2028	0
45.5	1	15	0	2136.22	0
45.5	2	0.25792	0	58.33	0
45.6	1	15	0	2142.34	0
45.6	2	0.26208	0	58.4591	0
45.7	1	14.88	1	2148.48	0
45.7	2	0.28448	0	58.5966	0
45.8	1	15.0298	0	2153.43	0
45.8	2	0.43648	0	58.7939	0
45.9	1	15	0	2156.42	0
45.9	2	0.25792	0	58.921	0
46	1	15	0	2159.58	0
46	2	0.25792	0	59.0481	0
46.1	1	15	0	2162.92	0
46.1	2	0.26208	0	59.1773	0
46.2	1	14.88	0	2166.39	0
46.2	2	0.25792	0	59.3044	0
46.3	1	15	0	2170.04	0
46.3	2	0.26208	0	59.4336	0
46.4	1	15	0	2173.85	0
46.4	2	0.25792	0	59.5607	0
46.5	1	15	0	2177.79	0
46.5	2	0.25792	0	59.6878	0
46.6	1	15	0	2181.87	0
46.6	2	0.26208	0	59.817	0
46.7	1	15	0	2186.1	0
46.7	2	0.25792	0	59.9441	0
46.8	1	14.88	0	2190.42	0
46.8	2	0.26208	0	60.0733	0
46.9	1	15	0	2194.89	0
46.9	2	0.25792	0	60.2004	0
47	1	15	0	2199.5	0
47	2	0.26208	0	60.3296	0
47.1	1	15	0	2204.23	0
47.1	2	0.25792	0	60.4567	0
47.2	1	15	0	2209.07	0
47.2	2	0.25792	0	60.5839	0
47.3	1	15	0	2214.03	0
47.3	2	0.26208	0	60.713	0
47.4	1	14.88	0	2219.06	0
47.4	2	0.25792	0	60.8402	0
47.5	1	15	0	2224.24	0
47.5	2	0.26208	0	60.9693	0
47.6	1	15	0	2229.53	0
47.6	2	0.25792	0	61.0965	0
47.7	1	15	0	2234.93	0
47.7	2	0.25792	0	61.2236	0
47.8	1	15	0	2240.43	0
47.8	2	0.26208	0	61.3528	0
47.9	1	15	0	2246.04	0
47.9	2	0.25792	0	61.4799	0
48	1	14.88	0	2251.7	0
48	2	0.26208	0	61.6091	0
48.1	1	15	0	2257.51	0
48.1	2	0.25792	0	61.7362	0
48.2	1	15	0	2263.41	0
48.2	2	0.26208	0	61.8654	0
48.3	1	15	0	2269.41	0
48.3	2	0.25792	0	61.9925	0
48.4	1	15	0	2275.51	0
48.4	2	0.25792	0	62.1196	0
48.5	1	15	1	2281.71	0
48.5	2	0.26208	0	62.2488	0
48.6	1	14.9366	0	2287.1	0
48.6	2	0.45888	0	62.4543	0
48.7	1	15	0	2290.15	0
48.7	2	0.25792	0	62.5815	0
48.8	1	15	0	2293.29	0
48.8	2	0.26208	0	62.7106	0
48.9	1	14.88	0	2296.57	0
48.9	2	0.25792	0	62.8378	0
49	1	15	0	2300.03	0
49	2	0.26208	0	62.9669	0
49.1	1	15	0	2303.66	0
49.1	2	0.25792	0	63.0941	0
49.2	1	15	0	2307.42	0
49.2	2	0.25792	0	63.2212	0
49.3	1	15	0	2311.35	0
49.3	2	0.26208	0	63.3504	0
49.4	1	15	0	2315.4	0
49.4	2	0.25792	0	63.4775	0
49.5	1	14.88	0	2319.56	0
49.5	2	0.26208	0	63.6067	0
49.6	1	15	0	2323.89	0
49.6	2	0.25792	0	63.7338	0
49.7	1	15	0	2328.35	0
49.7	2	0.26208	0	63.863	0
49.8	1	15	0	2332.92	0
49.8	2	0.25792	0	63.9901	0
49.9	1	15	0	2337.62	0
49.9	2	0.25792	0	64.1172	0
